	Event_Time	Cause	Group	Clone	Progeny	Generation	GFPAtBirth	GFPAtDeath
18	3.89E+00	2.00E+00	Condition 1	1.00E+00	1.00E+00	0.00E+00	9.50E+01	1.42E+02
69	9.90E-01	1.00E+00	Condition 2	1.00E+00	1.00E+00	0.00E+00	5.51E+01	2.24E+02
106	2.62E+00	1.00E+00	Condition 2	1.00E+00	2.00E+00	1.00E+00	1.05E+02	1.29E+02
105	2.61E+00	1.00E+00	Condition 2	1.00E+00	3.00E+00	1.00E+00	1.01E+02	7.78E+01
145	5.21E-01	0.00E+00	Condition 2	1.00E+00	4.00E+00	2.00E+00	1.58E+02	9.63E+01
136	5.21E-01	0.00E+00	Condition 2	1.00E+00	5.00E+00	2.00E+00	1.06E+02	1.89E+01
115	5.31E-01	0.00E+00	Condition 2	1.00E+00	6.00E+00	2.00E+00	3.23E+01	4.22E+01
117	5.31E-01	0.00E+00	Condition 2	1.00E+00	7.00E+00	2.00E+00	4.11E+01	2.74E+01
172	3.06E+00	2.00E+00	Condition 3	1.00E+00	1.00E+00	0.00E+00	2.60E+01	2.42E+01
231	4.37E-01	1.00E+00	Condition 4	1.00E+00	1.00E+00	0.00E+00	3.39E+02	5.58E+02
260	3.69E+00	0.00E+00	Condition 4	1.00E+00	2.00E+00	1.00E+00	8.64E+01	6.46E+00
240	2.18E+00	1.00E+00	Condition 4	1.00E+00	3.00E+00	1.00E+00	9.72E+00	4.66E+02
305	1.51E+00	0.00E+00	Condition 4	1.00E+00	6.00E+00	2.00E+00	5.67E+02	2.09E+02
280	9.25E-01	2.00E+00	Condition 4	1.00E+00	7.00E+00	2.00E+00	2.00E+01	1.62E+03
354	4.13E+00	0.00E+00	Condition 5	1.00E+00	1.00E+00	0.00E+00	8.97E+01	1.37E+02
415	4.79E-01	1.00E+00	Condition 6	1.00E+00	1.00E+00	0.00E+00	5.98E+01	1.03E+02
457	2.56E+00	1.00E+00	Condition 6	1.00E+00	2.00E+00	1.00E+00	5.52E+01	5.38E+02
454	3.65E+00	0.00E+00	Condition 6	1.00E+00	3.00E+00	1.00E+00	4.94E+01	1.71E+02
519	1.09E+00	0.00E+00	Condition 6	1.00E+00	4.00E+00	2.00E+00	3.78E+02	1.31E+02
521	1.09E+00	0.00E+00	Condition 6	1.00E+00	5.00E+00	2.00E+00	3.91E+02	1.80E+02
547	2.64E+00	1.00E+00	Condition 7	1.00E+00	1.00E+00	0.00E+00	4.00E+01	3.35E+01
561	1.49E+00	0.00E+00	Condition 7	1.00E+00	2.00E+00	1.00E+00	2.58E+01	1.45E+01
559	4.13E+00	0.00E+00	Condition 7	1.00E+00	3.00E+00	1.00E+00	1.42E+01	1.19E+01
573	2.12E+00	2.00E+00	Condition 8	1.00E+00	1.00E+00	0.00E+00	1.77E+01	2.41E+02
8	2.92E-01	1.00E+00	Condition 1	2.00E+00	1.00E+00	0.00E+00	3.23E+01	1.47E+02
36	2.76E+00	2.00E+00	Condition 1	2.00E+00	2.00E+00	1.00E+00	2.59E+01	1.59E+02
34	1.28E+00	1.00E+00	Condition 1	2.00E+00	3.00E+00	1.00E+00	1.00E+01	2.26E+01
50	2.56E+00	0.00E+00	Condition 1	2.00E+00	6.00E+00	2.00E+00	3.25E+01	5.95E+01
48	1.26E+00	1.00E+00	Condition 1	2.00E+00	7.00E+00	2.00E+00	2.08E+01	2.38E+01
56	1.30E+00	0.00E+00	Condition 1	2.00E+00	1.40E+01	3.00E+00	1.03E+01	4.67E+01
57	1.30E+00	0.00E+00	Condition 1	2.00E+00	1.50E+01	3.00E+00	2.60E+01	3.37E+01
62	1.09E+00	1.00E+00	Condition 2	2.00E+00	1.00E+00	0.00E+00	4.43E+01	2.04E+02
96	2.63E+00	1.00E+00	Condition 2	2.00E+00	2.00E+00	1.00E+00	7.35E+01	3.95E+01
99	2.12E+00	1.00E+00	Condition 2	2.00E+00	3.00E+00	1.00E+00	7.84E+01	2.09E+02
124	4.17E-01	0.00E+00	Condition 2	2.00E+00	4.00E+00	2.00E+00	7.34E+01	5.72E+01
133	4.17E-01	0.00E+00	Condition 2	2.00E+00	5.00E+00	2.00E+00	9.07E+01	5.70E+01
135	9.24E-01	0.00E+00	Condition 2	2.00E+00	6.00E+00	2.00E+00	1.02E+02	9.97E+01
139	9.24E-01	0.00E+00	Condition 2	2.00E+00	7.00E+00	2.00E+00	1.19E+02	8.92E+01
171	3.96E-01	1.00E+00	Condition 3	2.00E+00	1.00E+00	0.00E+00	1.79E+01	2.36E+01
183	1.79E+00	1.00E+00	Condition 3	2.00E+00	2.00E+00	1.00E+00	1.04E+01	1.73E+01
184	1.88E+00	1.00E+00	Condition 3	2.00E+00	3.00E+00	1.00E+00	1.27E+01	1.78E+01
201	1.95E+00	0.00E+00	Condition 3	2.00E+00	4.00E+00	2.00E+00	1.31E+01	1.31E+01
204	1.95E+00	0.00E+00	Condition 3	2.00E+00	5.00E+00	2.00E+00	2.08E+01	2.45E+01
203	1.85E+00	0.00E+00	Condition 3	2.00E+00	6.00E+00	2.00E+00	1.94E+01	2.20E+01
202	1.85E+00	0.00E+00	Condition 3	2.00E+00	7.00E+00	2.00E+00	1.77E+01	1.94E+01
235	2.74E+00	1.00E+00	Condition 4	2.00E+00	1.00E+00	0.00E+00	7.82E+02	2.22E+03
270	1.38E+00	0.00E+00	Condition 4	2.00E+00	2.00E+00	1.00E+00	1.61E+03	1.18E+03
268	1.38E+00	0.00E+00	Condition 4	2.00E+00	3.00E+00	1.00E+00	1.55E+03	1.32E+03
347	3.85E-01	1.00E+00	Condition 5	2.00E+00	1.00E+00	0.00E+00	2.03E+01	2.10E+01
367	1.65E+00	1.00E+00	Condition 5	2.00E+00	2.00E+00	1.00E+00	1.63E+01	4.23E+01
364	1.92E+00	1.00E+00	Condition 5	2.00E+00	3.00E+00	1.00E+00	1.36E+01	1.42E+01
385	2.10E+00	0.00E+00	Condition 5	2.00E+00	4.00E+00	2.00E+00	3.51E+01	3.26E+01
384	2.10E+00	0.00E+00	Condition 5	2.00E+00	5.00E+00	2.00E+00	3.25E+01	3.92E+01
381	1.82E+00	0.00E+00	Condition 5	2.00E+00	6.00E+00	2.00E+00	1.59E+01	2.77E+01
380	1.82E+00	0.00E+00	Condition 5	2.00E+00	7.00E+00	2.00E+00	1.51E+01	1.64E+01
401	3.09E+00	1.00E+00	Condition 6	2.00E+00	1.00E+00	0.00E+00	1.40E+01	1.25E+02
430	1.04E+00	1.00E+00	Condition 6	2.00E+00	2.00E+00	1.00E+00	1.05E+01	1.06E+02
449	9.74E-01	1.00E+00	Condition 6	2.00E+00	3.00E+00	1.00E+00	3.86E+01	1.54E+02
523	6.25E-02	0.00E+00	Condition 6	2.00E+00	6.00E+00	2.00E+00	       NaN	       NaN
524	6.25E-02	0.00E+00	Condition 6	2.00E+00	7.00E+00	2.00E+00	       NaN	       NaN
551	3.32E+00	2.00E+00	Condition 7	2.00E+00	1.00E+00	0.00E+00	1.07E+02	9.74E+01
577	1.62E+00	1.00E+00	Condition 8	2.00E+00	1.00E+00	0.00E+00	5.79E+01	2.11E+02
620	2.51E+00	0.00E+00	Condition 8	2.00E+00	2.00E+00	1.00E+00	1.06E+02	9.15E+01
621	1.06E+00	2.00E+00	Condition 8	2.00E+00	3.00E+00	1.00E+00	1.13E+02	2.71E+02
6	2.99E+00	1.00E+00	Condition 1	3.00E+00	1.00E+00	0.00E+00	2.73E+01	3.32E+02
38	1.13E+00	0.00E+00	Condition 1	3.00E+00	2.00E+00	1.00E+00	3.19E+01	1.31E+02
39	1.13E+00	0.00E+00	Condition 1	3.00E+00	3.00E+00	1.00E+00	3.56E+01	7.69E+01
71	1.77E+00	1.00E+00	Condition 2	3.00E+00	1.00E+00	0.00E+00	6.33E+01	3.19E+02
79	2.36E+00	0.00E+00	Condition 2	3.00E+00	2.00E+00	1.00E+00	1.10E+01	1.06E+02
83	2.36E+00	0.00E+00	Condition 2	3.00E+00	3.00E+00	1.00E+00	3.26E+01	1.68E+02
182	5.20E-02	1.00E+00	Condition 3	3.00E+00	1.00E+00	0.00E+00	       NaN	       NaN
194	2.78E+00	1.00E+00	Condition 3	3.00E+00	2.00E+00	1.00E+00	1.03E+02	5.94E+01
191	2.48E+00	1.00E+00	Condition 3	3.00E+00	3.00E+00	1.00E+00	7.21E+01	1.27E+02
206	1.30E+00	0.00E+00	Condition 3	3.00E+00	4.00E+00	2.00E+00	2.78E+01	9.29E+01
207	1.30E+00	0.00E+00	Condition 3	3.00E+00	5.00E+00	2.00E+00	3.53E+01	1.21E+02
209	1.59E+00	0.00E+00	Condition 3	3.00E+00	6.00E+00	2.00E+00	7.84E+01	4.55E+01
210	1.59E+00	0.00E+00	Condition 3	3.00E+00	7.00E+00	2.00E+00	8.41E+01	6.06E+01
232	2.41E+00	1.00E+00	Condition 4	3.00E+00	1.00E+00	0.00E+00	6.24E+02	2.21E+03
267	1.72E+00	0.00E+00	Condition 4	3.00E+00	2.00E+00	1.00E+00	1.49E+03	2.05E+03
269	1.72E+00	0.00E+00	Condition 4	3.00E+00	3.00E+00	1.00E+00	1.59E+03	1.76E+03
350	1.58E+00	1.00E+00	Condition 5	3.00E+00	1.00E+00	0.00E+00	3.18E+01	2.27E+01
366	2.55E+00	0.00E+00	Condition 5	3.00E+00	2.00E+00	1.00E+00	1.60E+01	4.18E+01
365	2.32E+00	2.00E+00	Condition 5	3.00E+00	3.00E+00	1.00E+00	1.45E+01	1.58E+01
419	1.02E+00	1.00E+00	Condition 6	3.00E+00	1.00E+00	0.00E+00	1.65E+02	7.17E+02
463	1.00E+00	1.00E+00	Condition 6	3.00E+00	2.00E+00	1.00E+00	1.08E+02	6.62E+02
445	8.28E-01	1.00E+00	Condition 6	3.00E+00	3.00E+00	1.00E+00	2.78E+01	2.89E+02
509	7.64E-01	1.00E+00	Condition 6	3.00E+00	4.00E+00	2.00E+00	1.89E+02	6.46E+02
514	7.64E-01	1.00E+00	Condition 6	3.00E+00	5.00E+00	2.00E+00	2.50E+02	5.91E+02
491	8.25E-01	1.00E+00	Condition 6	3.00E+00	6.00E+00	2.00E+00	7.21E+01	1.38E+03
488	1.07E+00	1.00E+00	Condition 6	3.00E+00	7.00E+00	2.00E+00	3.55E+01	7.53E+02
527	6.46E-01	1.00E+00	Condition 6	3.00E+00	8.00E+00	3.00E+00	8.54E+00	3.71E+02
540	8.01E-01	1.00E+00	Condition 6	3.00E+00	9.00E+00	3.00E+00	2.75E+02	8.78E+02
525	1.17E+00	1.00E+00	Condition 6	3.00E+00	1.00E+01	3.00E+00	4.00E+00	9.64E+02
526	1.34E+00	0.00E+00	Condition 6	3.00E+00	1.10E+01	3.00E+00	7.81E+00	4.04E+02
543	7.67E-01	1.00E+00	Condition 6	3.00E+00	1.20E+01	3.00E+00	5.68E+02	1.02E+03
542	7.78E-01	1.00E+00	Condition 6	3.00E+00	1.30E+01	3.00E+00	4.68E+02	1.09E+03
530	7.46E-01	2.00E+00	Condition 6	3.00E+00	1.40E+01	3.00E+00	4.43E+01	1.29E+02
541	1.20E+00	0.00E+00	Condition 6	3.00E+00	1.50E+01	3.00E+00	4.15E+02	3.80E+02
548	6.59E-01	1.00E+00	Condition 7	3.00E+00	1.00E+00	0.00E+00	6.06E+01	1.44E+02
564	3.47E+00	0.00E+00	Condition 7	3.00E+00	2.00E+00	1.00E+00	6.29E+01	9.06E+01
562	2.48E+00	2.00E+00	Condition 7	3.00E+00	3.00E+00	1.00E+00	5.40E+01	1.26E+02
581	6.25E-01	1.00E+00	Condition 8	3.00E+00	1.00E+00	0.00E+00	1.02E+02	2.06E+02
618	2.65E+00	1.00E+00	Condition 8	3.00E+00	2.00E+00	1.00E+00	1.00E+02	7.80E+01
613	1.79E+00	1.00E+00	Condition 8	3.00E+00	3.00E+00	1.00E+00	7.20E+01	2.35E+02
636	8.54E-01	0.00E+00	Condition 8	3.00E+00	4.00E+00	2.00E+00	1.49E+01	1.11E+01
654	8.54E-01	0.00E+00	Condition 8	3.00E+00	5.00E+00	2.00E+00	4.45E+01	1.18E+02
669	1.22E+00	1.00E+00	Condition 8	3.00E+00	6.00E+00	2.00E+00	1.33E+02	1.72E+01
671	1.72E+00	0.00E+00	Condition 8	3.00E+00	7.00E+00	2.00E+00	1.38E+02	3.34E+01
712	5.00E-01	0.00E+00	Condition 8	3.00E+00	1.20E+01	3.00E+00	8.12E+01	1.06E+01
696	5.00E-01	0.00E+00	Condition 8	3.00E+00	1.30E+01	3.00E+00	2.46E+01	5.25E+01
7	3.44E-01	1.00E+00	Condition 1	4.00E+00	1.00E+00	0.00E+00	3.21E+01	7.75E+01
35	2.67E+00	1.00E+00	Condition 1	4.00E+00	2.00E+00	1.00E+00	2.24E+01	9.81E+01
37	2.43E+00	1.00E+00	Condition 1	4.00E+00	3.00E+00	1.00E+00	2.64E+01	1.88E+02
51	1.11E+00	0.00E+00	Condition 1	4.00E+00	4.00E+00	2.00E+00	3.99E+01	4.99E+01
47	1.11E+00	0.00E+00	Condition 1	4.00E+00	5.00E+00	2.00E+00	2.01E+01	3.51E+01
49	1.35E+00	0.00E+00	Condition 1	4.00E+00	6.00E+00	2.00E+00	2.85E+01	5.79E+01
46	1.35E+00	0.00E+00	Condition 1	4.00E+00	7.00E+00	2.00E+00	1.65E+01	5.02E+01
66	2.10E+00	1.00E+00	Condition 2	4.00E+00	1.00E+00	0.00E+00	4.92E+01	2.44E+02
102	2.71E-01	2.00E+00	Condition 2	4.00E+00	2.00E+00	1.00E+00	9.20E+01	2.91E+01
103	3.75E-01	2.00E+00	Condition 2	4.00E+00	3.00E+00	1.00E+00	9.55E+01	5.07E+02
179	1.44E+00	1.00E+00	Condition 3	4.00E+00	1.00E+00	0.00E+00	9.97E+01	3.80E+02
200	2.69E+00	0.00E+00	Condition 3	4.00E+00	2.00E+00	1.00E+00	2.03E+02	6.95E+01
197	2.69E+00	0.00E+00	Condition 3	4.00E+00	3.00E+00	1.00E+00	1.49E+02	7.51E+01
236	1.87E-01	1.00E+00	Condition 4	4.00E+00	1.00E+00	0.00E+00	8.99E+02	1.62E+03
242	2.34E+00	1.00E+00	Condition 4	4.00E+00	2.00E+00	1.00E+00	1.11E+01	2.32E+03
237	2.66E+00	1.00E+00	Condition 4	4.00E+00	3.00E+00	1.00E+00	7.00E+00	1.51E+03
310	1.60E+00	0.00E+00	Condition 4	4.00E+00	4.00E+00	2.00E+00	1.18E+03	5.62E+02
312	1.33E+00	3.00E+00	Condition 4	4.00E+00	5.00E+00	2.00E+00	1.83E+03	2.74E+03
274	1.28E+00	0.00E+00	Condition 4	4.00E+00	6.00E+00	2.00E+00	8.00E+00	1.33E+03
309	1.28E+00	0.00E+00	Condition 4	4.00E+00	7.00E+00	2.00E+00	1.03E+03	1.34E+03
343	3.06E+00	1.00E+00	Condition 5	4.00E+00	1.00E+00	0.00E+00	1.13E+01	4.01E+01
369	1.07E+00	0.00E+00	Condition 5	4.00E+00	2.00E+00	1.00E+00	1.90E+01	2.25E+01
372	1.07E+00	0.00E+00	Condition 5	4.00E+00	3.00E+00	1.00E+00	3.90E+01	2.04E+01
427	4.13E+00	0.00E+00	Condition 6	4.00E+00	1.00E+00	0.00E+00	4.46E+02	4.10E+02
549	2.06E+00	1.00E+00	Condition 7	4.00E+00	1.00E+00	0.00E+00	8.95E+01	5.02E+02
566	1.54E+00	2.00E+00	Condition 7	4.00E+00	2.00E+00	1.00E+00	8.95E+01	1.38E+02
582	2.08E-01	1.00E+00	Condition 8	4.00E+00	1.00E+00	0.00E+00	1.04E+02	7.07E+01
609	1.81E+00	1.00E+00	Condition 8	4.00E+00	2.00E+00	1.00E+00	3.09E+01	2.09E+02
619	2.57E+00	1.00E+00	Condition 8	4.00E+00	3.00E+00	1.00E+00	1.03E+02	4.05E+02
666	2.11E+00	0.00E+00	Condition 8	4.00E+00	4.00E+00	2.00E+00	1.13E+02	6.99E+01
667	2.11E+00	0.00E+00	Condition 8	4.00E+00	5.00E+00	2.00E+00	1.14E+02	1.00E+02
678	1.35E+00	0.00E+00	Condition 8	4.00E+00	6.00E+00	2.00E+00	1.84E+02	1.49E+02
679	1.35E+00	0.00E+00	Condition 8	4.00E+00	7.00E+00	2.00E+00	1.88E+02	1.56E+02
25	4.13E+00	0.00E+00	Condition 1	5.00E+00	1.00E+00	0.00E+00	1.59E+02	1.14E+02
73	2.40E-01	1.00E+00	Condition 2	5.00E+00	1.00E+00	0.00E+00	7.09E+01	3.58E+01
81	1.60E+00	1.00E+00	Condition 2	5.00E+00	2.00E+00	1.00E+00	2.35E+01	1.03E+02
87	1.93E+00	1.00E+00	Condition 2	5.00E+00	3.00E+00	1.00E+00	4.32E+01	2.99E+02
128	9.06E-01	1.00E+00	Condition 2	5.00E+00	4.00E+00	2.00E+00	7.77E+01	1.04E+02
126	8.23E-01	1.00E+00	Condition 2	5.00E+00	5.00E+00	2.00E+00	7.58E+01	1.37E+02
142	1.56E+00	1.00E+00	Condition 2	5.00E+00	6.00E+00	2.00E+00	1.26E+02	2.30E+02
137	1.08E+00	1.00E+00	Condition 2	5.00E+00	7.00E+00	2.00E+00	1.10E+02	1.65E+02
153	1.15E+00	1.00E+00	Condition 2	5.00E+00	8.00E+00	3.00E+00	5.97E+01	7.29E+01
152	1.38E+00	0.00E+00	Condition 2	5.00E+00	9.00E+00	3.00E+00	4.02E+01	1.15E+02
157	1.08E+00	1.00E+00	Condition 2	5.00E+00	1.00E+01	3.00E+00	9.92E+01	8.99E+01
150	1.17E+00	1.00E+00	Condition 2	5.00E+00	1.10E+01	3.00E+00	3.04E+01	5.95E+01
165	3.96E-01	0.00E+00	Condition 2	5.00E+00	1.20E+01	3.00E+00	2.01E+02	1.06E+02
159	3.96E-01	0.00E+00	Condition 2	5.00E+00	1.30E+01	3.00E+00	1.21E+02	7.76E+01
156	8.71E-01	0.00E+00	Condition 2	5.00E+00	1.40E+01	3.00E+00	9.85E+01	1.03E+02
158	8.71E-01	0.00E+00	Condition 2	5.00E+00	1.50E+01	3.00E+00	1.16E+02	1.25E+02
170	4.13E+00	0.00E+00	Condition 3	5.00E+00	1.00E+00	0.00E+00	1.60E+01	1.04E+02
223	2.29E-01	1.00E+00	Condition 4	5.00E+00	1.00E+00	0.00E+00	7.83E+01	1.95E+02
248	3.90E+00	0.00E+00	Condition 4	5.00E+00	2.00E+00	1.00E+00	2.42E+01	1.35E+02
261	3.02E+00	1.00E+00	Condition 4	5.00E+00	3.00E+00	1.00E+00	9.84E+01	4.00E+02
289	8.82E-01	0.00E+00	Condition 4	5.00E+00	6.00E+00	2.00E+00	4.93E+01	2.31E+02
297	8.82E-01	0.00E+00	Condition 4	5.00E+00	7.00E+00	2.00E+00	2.50E+02	1.63E+02
346	1.79E+00	3.00E+00	Condition 5	5.00E+00	1.00E+00	0.00E+00	1.80E+01	1.66E+01
414	1.50E+00	1.00E+00	Condition 6	5.00E+00	1.00E+00	0.00E+00	5.64E+01	3.40E+02
468	1.95E+00	1.00E+00	Condition 6	5.00E+00	2.00E+00	1.00E+00	1.47E+02	3.49E+02
470	1.53E+00	1.00E+00	Condition 6	5.00E+00	3.00E+00	1.00E+00	2.11E+02	2.94E+02
518	6.77E-01	0.00E+00	Condition 6	5.00E+00	4.00E+00	2.00E+00	3.31E+02	1.78E+02
517	6.77E-01	0.00E+00	Condition 6	5.00E+00	5.00E+00	2.00E+00	2.92E+02	1.60E+02
504	1.10E+00	0.00E+00	Condition 6	5.00E+00	6.00E+00	2.00E+00	1.61E+02	1.33E+02
503	1.10E+00	0.00E+00	Condition 6	5.00E+00	7.00E+00	2.00E+00	1.48E+02	1.39E+02
552	1.54E+00	2.00E+00	Condition 7	5.00E+00	1.00E+00	0.00E+00	1.17E+02	1.22E+02
590	2.06E-02	1.00E+00	Condition 8	5.00E+00	1.00E+00	0.00E+00	       NaN	       NaN
597	1.56E+00	1.00E+00	Condition 8	5.00E+00	2.00E+00	1.00E+00	1.05E+01	2.20E+01
600	2.21E+00	1.00E+00	Condition 8	5.00E+00	3.00E+00	1.00E+00	1.49E+01	4.45E+01
641	1.57E+00	1.00E+00	Condition 8	5.00E+00	4.00E+00	2.00E+00	1.95E+01	1.26E+02
646	2.44E+00	1.00E+00	Condition 8	5.00E+00	5.00E+00	2.00E+00	2.75E+01	3.93E+01
640	1.89E+00	0.00E+00	Condition 8	5.00E+00	6.00E+00	2.00E+00	1.95E+01	4.07E+01
632	9.08E-01	3.00E+00	Condition 8	5.00E+00	7.00E+00	2.00E+00	8.85E+00	2.21E+01
706	9.76E-01	0.00E+00	Condition 8	5.00E+00	8.00E+00	3.00E+00	3.70E+01	5.20E+01
708	9.76E-01	0.00E+00	Condition 8	5.00E+00	9.00E+00	3.00E+00	4.74E+01	2.28E+01
733	6.25E-02	0.00E+00	Condition 8	5.00E+00	1.00E+01	3.00E+00	       NaN	       NaN
732	0.00E+00	0.00E+00	Condition 8	5.00E+00	1.10E+01	3.00E+00	       NaN	       NaN
21	3.71E+00	0.00E+00	Condition 1	6.00E+00	1.00E+00	0.00E+00	9.70E+01	6.94E+01
76	1.77E-01	1.00E+00	Condition 2	6.00E+00	1.00E+00	0.00E+00	8.32E+01	1.43E+02
101	1.62E+00	1.00E+00	Condition 2	6.00E+00	2.00E+00	1.00E+00	8.24E+01	1.88E+02
94	2.00E+00	1.00E+00	Condition 2	6.00E+00	3.00E+00	1.00E+00	6.81E+01	2.06E+02
132	2.33E+00	0.00E+00	Condition 2	6.00E+00	4.00E+00	2.00E+00	8.60E+01	9.35E+01
116	2.07E+00	1.00E+00	Condition 2	6.00E+00	5.00E+00	2.00E+00	3.30E+01	1.62E+02
140	1.95E+00	0.00E+00	Condition 2	6.00E+00	6.00E+00	2.00E+00	1.22E+02	9.61E+01
144	1.95E+00	0.00E+00	Condition 2	6.00E+00	7.00E+00	2.00E+00	1.51E+02	7.49E+01
160	2.60E-01	0.00E+00	Condition 2	6.00E+00	1.00E+01	3.00E+00	1.28E+02	1.07E+02
161	2.60E-01	0.00E+00	Condition 2	6.00E+00	1.10E+01	3.00E+00	1.30E+02	1.08E+02
177	4.13E+00	0.00E+00	Condition 3	6.00E+00	1.00E+00	0.00E+00	7.57E+01	6.07E+01
221	2.62E+00	1.00E+00	Condition 4	6.00E+00	1.00E+00	0.00E+00	5.55E+01	5.01E+02
239	3.65E-01	3.00E+00	Condition 4	6.00E+00	2.00E+00	1.00E+00	9.28E+00	2.16E+02
249	3.33E-01	3.00E+00	Condition 4	6.00E+00	3.00E+00	1.00E+00	2.44E+01	1.17E+02
349	1.00E+00	1.00E+00	Condition 5	6.00E+00	1.00E+00	0.00E+00	2.69E+01	7.01E+01
368	2.43E+00	2.00E+00	Condition 5	6.00E+00	2.00E+00	1.00E+00	1.72E+01	4.76E+01
370	2.82E+00	2.00E+00	Condition 5	6.00E+00	3.00E+00	1.00E+00	2.98E+01	2.40E+01
421	4.13E+00	0.00E+00	Condition 6	6.00E+00	1.00E+00	0.00E+00	1.68E+02	2.64E+02
550	1.87E-01	1.00E+00	Condition 7	6.00E+00	1.00E+00	0.00E+00	1.03E+02	5.02E+01
555	3.31E+00	2.00E+00	Condition 7	6.00E+00	2.00E+00	1.00E+00	9.53E+00	1.85E+02
557	2.63E+00	1.00E+00	Condition 7	6.00E+00	3.00E+00	1.00E+00	1.23E+01	3.41E+02
569	1.31E+00	0.00E+00	Condition 7	6.00E+00	6.00E+00	2.00E+00	3.80E+01	9.62E+01
570	1.31E+00	0.00E+00	Condition 7	6.00E+00	7.00E+00	2.00E+00	1.15E+02	1.31E+02
580	4.13E+00	0.00E+00	Condition 8	6.00E+00	1.00E+00	0.00E+00	9.82E+01	1.27E+02
2	2.65E+00	2.00E+00	Condition 1	7.00E+00	1.00E+00	0.00E+00	1.39E+01	1.08E+01
68	2.82E-01	1.00E+00	Condition 2	7.00E+00	1.00E+00	0.00E+00	5.36E+01	1.04E+02
82	2.76E+00	1.00E+00	Condition 2	7.00E+00	2.00E+00	1.00E+00	2.70E+01	1.60E+02
89	3.19E+00	1.00E+00	Condition 2	7.00E+00	3.00E+00	1.00E+00	5.23E+01	1.73E+02
121	1.09E+00	0.00E+00	Condition 2	7.00E+00	4.00E+00	2.00E+00	5.65E+01	4.94E+01
118	1.09E+00	0.00E+00	Condition 2	7.00E+00	5.00E+00	2.00E+00	4.61E+01	4.50E+01
123	6.56E-01	0.00E+00	Condition 2	7.00E+00	6.00E+00	2.00E+00	7.03E+01	4.86E+01
122	6.56E-01	0.00E+00	Condition 2	7.00E+00	7.00E+00	2.00E+00	6.25E+01	5.05E+01
181	2.54E+00	1.00E+00	Condition 3	7.00E+00	1.00E+00	0.00E+00	1.50E+02	2.97E+02
199	1.59E+00	0.00E+00	Condition 3	7.00E+00	2.00E+00	1.00E+00	2.02E+02	1.12E+02
198	1.59E+00	0.00E+00	Condition 3	7.00E+00	3.00E+00	1.00E+00	2.02E+02	1.18E+02
219	9.49E-01	1.00E+00	Condition 4	7.00E+00	1.00E+00	0.00E+00	4.30E+01	2.49E+02
252	1.68E+00	1.00E+00	Condition 4	7.00E+00	2.00E+00	1.00E+00	3.30E+01	2.55E+02
254	3.18E+00	0.00E+00	Condition 4	7.00E+00	3.00E+00	1.00E+00	3.85E+01	1.62E+02
296	1.50E+00	0.00E+00	Condition 4	7.00E+00	4.00E+00	2.00E+00	1.18E+02	1.62E+02
294	1.50E+00	0.00E+00	Condition 4	7.00E+00	5.00E+00	2.00E+00	9.07E+01	1.72E+02
352	2.04E+00	2.00E+00	Condition 5	7.00E+00	1.00E+00	0.00E+00	7.03E+01	9.69E+01
416	7.50E-01	1.00E+00	Condition 6	7.00E+00	1.00E+00	0.00E+00	6.65E+01	2.47E+02
439	1.33E+00	1.00E+00	Condition 6	7.00E+00	2.00E+00	1.00E+00	1.96E+01	4.63E+01
462	2.54E+00	1.00E+00	Condition 6	7.00E+00	3.00E+00	1.00E+00	1.02E+02	4.01E+02
498	6.38E-01	1.00E+00	Condition 6	7.00E+00	4.00E+00	2.00E+00	1.02E+02	1.78E+02
502	6.38E-01	1.00E+00	Condition 6	7.00E+00	5.00E+00	2.00E+00	1.43E+02	1.82E+02
513	8.33E-01	0.00E+00	Condition 6	7.00E+00	6.00E+00	2.00E+00	2.36E+02	1.01E+02
515	8.33E-01	0.00E+00	Condition 6	7.00E+00	7.00E+00	2.00E+00	2.62E+02	8.72E+01
537	1.16E+00	1.00E+00	Condition 6	7.00E+00	8.00E+00	3.00E+00	1.18E+02	1.77E+02
538	1.41E+00	0.00E+00	Condition 6	7.00E+00	9.00E+00	3.00E+00	1.28E+02	9.41E+01
536	1.41E+00	0.00E+00	Condition 6	7.00E+00	1.00E+01	3.00E+00	1.04E+02	7.49E+01
532	1.41E+00	0.00E+00	Condition 6	7.00E+00	1.10E+01	3.00E+00	8.05E+01	1.87E+02
554	4.15E-02	1.00E+00	Condition 7	7.00E+00	1.00E+00	0.00E+00	       NaN	       NaN
567	2.32E+00	3.00E+00	Condition 7	7.00E+00	2.00E+00	1.00E+00	1.68E+02	1.75E+02
556	4.09E+00	0.00E+00	Condition 7	7.00E+00	3.00E+00	1.00E+00	1.20E+01	1.17E+02
584	2.84E-01	1.00E+00	Condition 8	7.00E+00	1.00E+00	0.00E+00	1.34E+02	2.07E+02
614	1.65E+00	1.00E+00	Condition 8	7.00E+00	2.00E+00	1.00E+00	8.65E+01	3.85E+02
605	1.89E+00	1.00E+00	Condition 8	7.00E+00	3.00E+00	1.00E+00	2.36E+01	3.40E+02
677	2.02E+00	1.00E+00	Condition 8	7.00E+00	4.00E+00	2.00E+00	1.59E+02	5.51E+02
676	1.72E+00	1.00E+00	Condition 8	7.00E+00	5.00E+00	2.00E+00	1.59E+02	3.59E+02
672	1.36E+00	1.00E+00	Condition 8	7.00E+00	6.00E+00	2.00E+00	1.40E+02	4.82E+02
658	1.95E+00	0.00E+00	Condition 8	7.00E+00	7.00E+00	2.00E+00	7.19E+01	8.53E+01
699	1.77E-01	0.00E+00	Condition 8	7.00E+00	8.00E+00	3.00E+00	2.65E+01	6.19E+01
729	1.77E-01	0.00E+00	Condition 8	7.00E+00	9.00E+00	3.00E+00	2.45E+02	1.75E+02
724	4.79E-01	0.00E+00	Condition 8	7.00E+00	1.00E+01	3.00E+00	1.90E+02	1.12E+02
728	4.79E-01	0.00E+00	Condition 8	7.00E+00	1.10E+01	3.00E+00	2.21E+02	2.06E+02
725	5.94E-01	0.00E+00	Condition 8	7.00E+00	1.20E+01	3.00E+00	2.01E+02	2.06E+02
723	5.94E-01	0.00E+00	Condition 8	7.00E+00	1.30E+01	3.00E+00	1.79E+02	1.69E+02
11	4.13E+00	0.00E+00	Condition 1	8.00E+00	1.00E+00	0.00E+00	4.66E+01	1.04E+02
78	1.25E+00	1.00E+00	Condition 2	8.00E+00	1.00E+00	0.00E+00	1.02E+02	1.17E+02
113	1.88E+00	1.00E+00	Condition 2	8.00E+00	2.00E+00	1.00E+00	2.00E+02	3.68E+02
112	2.20E+00	1.00E+00	Condition 2	8.00E+00	3.00E+00	1.00E+00	1.90E+02	2.99E+02
147	1.01E+00	0.00E+00	Condition 2	8.00E+00	4.00E+00	2.00E+00	1.72E+02	1.27E+02
148	1.01E+00	0.00E+00	Condition 2	8.00E+00	5.00E+00	2.00E+00	1.75E+02	1.55E+02
146	6.88E-01	0.00E+00	Condition 2	8.00E+00	6.00E+00	2.00E+00	1.65E+02	1.45E+02
143	6.88E-01	0.00E+00	Condition 2	8.00E+00	7.00E+00	2.00E+00	1.50E+02	1.45E+02
169	4.13E+00	0.00E+00	Condition 3	8.00E+00	1.00E+00	0.00E+00	1.23E+01	1.53E+01
230	3.02E-01	1.00E+00	Condition 4	8.00E+00	1.00E+00	0.00E+00	3.29E+02	9.85E+02
256	1.14E+00	1.00E+00	Condition 4	8.00E+00	2.00E+00	1.00E+00	4.27E+01	1.15E+03
244	1.11E+00	1.00E+00	Condition 4	8.00E+00	3.00E+00	1.00E+00	1.24E+01	1.20E+03
307	1.98E+00	1.00E+00	Condition 4	8.00E+00	4.00E+00	2.00E+00	5.73E+02	1.59E+03
303	2.69E+00	0.00E+00	Condition 4	8.00E+00	5.00E+00	2.00E+00	4.21E+02	4.62E+00
308	1.49E+00	1.00E+00	Condition 4	8.00E+00	6.00E+00	2.00E+00	6.94E+02	1.59E+03
304	1.74E+00	1.00E+00	Condition 4	8.00E+00	7.00E+00	2.00E+00	5.43E+02	6.44E+00
329	2.40E-01	3.00E+00	Condition 4	8.00E+00	8.00E+00	3.00E+00	2.12E+02	2.95E+02
339	7.08E-01	0.00E+00	Condition 4	8.00E+00	9.00E+00	3.00E+00	6.26E+02	1.99E+02
320	1.23E+00	0.00E+00	Condition 4	8.00E+00	1.20E+01	3.00E+00	1.67E+01	6.54E+00
319	3.57E-01	3.00E+00	Condition 4	8.00E+00	1.30E+01	3.00E+00	1.54E+01	2.60E+02
318	9.76E-01	0.00E+00	Condition 4	8.00E+00	1.40E+01	3.00E+00	1.00E+01	5.41E+01
314	1.05E-01	3.00E+00	Condition 4	8.00E+00	1.50E+01	3.00E+00	8.00E+00	7.00E+00
342	6.35E-01	1.00E+00	Condition 5	8.00E+00	1.00E+00	0.00E+00	1.09E+01	7.76E+01
357	2.51E+00	1.00E+00	Condition 5	8.00E+00	2.00E+00	1.00E+00	6.00E+00	1.26E+02
358	1.21E+00	1.00E+00	Condition 5	8.00E+00	3.00E+00	1.00E+00	6.27E+00	5.46E+01
390	9.86E-01	0.00E+00	Condition 5	8.00E+00	4.00E+00	2.00E+00	9.00E+01	5.49E+01
389	9.86E-01	0.00E+00	Condition 5	8.00E+00	5.00E+00	2.00E+00	8.81E+01	4.35E+01
377	1.03E+00	1.00E+00	Condition 5	8.00E+00	6.00E+00	2.00E+00	1.05E+01	3.87E+01
379	9.91E-01	1.00E+00	Condition 5	8.00E+00	7.00E+00	2.00E+00	1.50E+01	3.29E+01
392	3.23E-01	2.00E+00	Condition 5	8.00E+00	1.20E+01	3.00E+00	9.00E+00	8.92E+00
394	7.47E-01	2.00E+00	Condition 5	8.00E+00	1.30E+01	3.00E+00	2.84E+01	5.40E+01
393	1.10E+00	2.00E+00	Condition 5	8.00E+00	1.40E+01	3.00E+00	1.17E+01	2.96E+01
391	1.29E+00	0.00E+00	Condition 5	8.00E+00	1.50E+01	3.00E+00	8.48E+00	1.03E+01
420	1.80E+00	1.00E+00	Condition 6	8.00E+00	1.00E+00	0.00E+00	1.67E+02	1.13E+03
475	1.95E+00	1.00E+00	Condition 6	8.00E+00	2.00E+00	1.00E+00	4.15E+02	1.20E+03
476	5.94E-01	1.00E+00	Condition 6	8.00E+00	3.00E+00	1.00E+00	4.19E+02	9.68E+02
520	3.85E-01	0.00E+00	Condition 6	8.00E+00	4.00E+00	2.00E+00	3.86E+02	1.35E+02
492	3.85E-01	0.00E+00	Condition 6	8.00E+00	5.00E+00	2.00E+00	7.30E+01	3.14E+02
480	5.63E-01	1.00E+00	Condition 6	8.00E+00	6.00E+00	2.00E+00	1.64E+01	4.04E+02
516	6.04E-01	3.00E+00	Condition 6	8.00E+00	7.00E+00	2.00E+00	2.66E+02	2.67E+02
528	1.18E+00	0.00E+00	Condition 6	8.00E+00	1.20E+01	3.00E+00	1.00E+01	1.61E+02
531	1.18E+00	0.00E+00	Condition 6	8.00E+00	1.30E+01	3.00E+00	4.82E+01	1.03E+02
544	3.84E+00	0.00E+00	Condition 7	8.00E+00	1.00E+00	0.00E+00	1.66E+01	1.06E+02
578	2.01E-01	1.00E+00	Condition 8	8.00E+00	1.00E+00	0.00E+00	7.73E+01	1.72E+02
593	5.83E-01	1.00E+00	Condition 8	8.00E+00	2.00E+00	1.00E+00	7.91E+00	6.30E+01
608	6.01E-01	1.00E+00	Condition 8	8.00E+00	3.00E+00	1.00E+00	2.98E+01	1.30E+02
662	1.54E+00	1.00E+00	Condition 8	8.00E+00	4.00E+00	2.00E+00	8.04E+01	2.33E+02
649	8.25E-01	1.00E+00	Condition 8	8.00E+00	5.00E+00	2.00E+00	3.23E+01	7.09E+01
630	1.63E+00	1.00E+00	Condition 8	8.00E+00	6.00E+00	2.00E+00	7.09E+00	1.17E+02
628	3.33E+00	0.00E+00	Condition 8	8.00E+00	7.00E+00	2.00E+00	6.00E+00	3.15E+01
709	1.65E+00	2.00E+00	Condition 8	8.00E+00	8.00E+00	3.00E+00	6.95E+01	1.14E+02
710	1.76E+00	2.00E+00	Condition 8	8.00E+00	9.00E+00	3.00E+00	7.36E+01	1.56E+02
704	2.52E+00	0.00E+00	Condition 8	8.00E+00	1.00E+01	3.00E+00	3.65E+01	1.61E+02
705	2.28E+00	2.00E+00	Condition 8	8.00E+00	1.10E+01	3.00E+00	3.68E+01	7.42E+01
688	6.89E-01	1.00E+00	Condition 8	8.00E+00	1.20E+01	3.00E+00	9.90E+00	1.25E+02
685	6.68E-01	1.00E+00	Condition 8	8.00E+00	1.30E+01	3.00E+00	8.01E+00	3.09E+01
29	4.13E+00	0.00E+00	Condition 1	9.00E+00	1.00E+00	0.00E+00	2.66E+02	4.63E+02
64	4.13E+00	0.00E+00	Condition 2	9.00E+00	1.00E+00	0.00E+00	4.80E+01	5.46E+01
180	4.90E-01	1.00E+00	Condition 3	9.00E+00	1.00E+00	0.00E+00	1.06E+02	2.12E+02
195	3.64E+00	0.00E+00	Condition 3	9.00E+00	2.00E+00	1.00E+00	1.09E+02	1.13E+02
196	2.76E+00	1.00E+00	Condition 3	9.00E+00	3.00E+00	1.00E+00	1.12E+02	2.03E+02
212	8.82E-01	0.00E+00	Condition 3	9.00E+00	6.00E+00	2.00E+00	1.75E+02	1.03E+02
211	8.82E-01	0.00E+00	Condition 3	9.00E+00	7.00E+00	2.00E+00	1.21E+02	1.15E+02
233	3.02E-01	1.00E+00	Condition 4	9.00E+00	1.00E+00	0.00E+00	6.63E+02	1.53E+03
262	2.34E+00	1.00E+00	Condition 4	9.00E+00	2.00E+00	1.00E+00	1.01E+02	1.71E+03
238	2.84E+00	1.00E+00	Condition 4	9.00E+00	3.00E+00	1.00E+00	9.14E+00	1.90E+03
273	1.49E+00	0.00E+00	Condition 4	9.00E+00	4.00E+00	2.00E+00	6.26E+00	2.00E+03
276	1.49E+00	0.00E+00	Condition 4	9.00E+00	5.00E+00	2.00E+00	8.91E+00	1.79E+03
281	9.86E-01	0.00E+00	Condition 4	9.00E+00	6.00E+00	2.00E+00	2.04E+01	2.14E+03
311	9.86E-01	0.00E+00	Condition 4	9.00E+00	7.00E+00	2.00E+00	1.67E+03	2.37E+03
355	2.84E+00	2.00E+00	Condition 5	9.00E+00	1.00E+00	0.00E+00	9.85E+01	3.92E+02
408	3.29E+00	2.00E+00	Condition 6	9.00E+00	1.00E+00	0.00E+00	3.51E+01	6.32E+01
546	4.58E-01	1.00E+00	Condition 7	9.00E+00	1.00E+00	0.00E+00	3.68E+01	2.97E+01
560	2.70E+00	2.00E+00	Condition 7	9.00E+00	2.00E+00	1.00E+00	1.65E+01	4.74E+01
558	2.53E+00	2.00E+00	Condition 7	9.00E+00	3.00E+00	1.00E+00	1.35E+01	5.39E+01
588	7.57E-02	1.00E+00	Condition 8	9.00E+00	1.00E+00	0.00E+00	3.68E+02	1.69E+02
594	2.45E+00	1.00E+00	Condition 8	9.00E+00	2.00E+00	1.00E+00	9.09E+00	3.12E+02
624	2.12E+00	1.00E+00	Condition 8	9.00E+00	3.00E+00	1.00E+00	1.46E+02	3.33E+02
627	1.60E+00	0.00E+00	Condition 8	9.00E+00	4.00E+00	2.00E+00	5.76E+00	1.19E+02
639	1.60E+00	0.00E+00	Condition 8	9.00E+00	5.00E+00	2.00E+00	1.87E+01	1.10E+02
648	1.34E+00	1.00E+00	Condition 8	9.00E+00	6.00E+00	2.00E+00	3.20E+01	6.19E+02
682	1.94E+00	1.00E+00	Condition 8	9.00E+00	7.00E+00	2.00E+00	2.44E+02	9.66E+02
720	5.94E-01	0.00E+00	Condition 8	9.00E+00	1.20E+01	3.00E+00	1.53E+02	9.56E+01
693	5.94E-01	0.00E+00	Condition 8	9.00E+00	1.30E+01	3.00E+00	2.18E+01	2.89E+01
4	4.13E+00	0.00E+00	Condition 1	1.00E+01	1.00E+00	0.00E+00	2.10E+01	3.21E+01
67	1.94E+00	1.00E+00	Condition 2	1.00E+01	1.00E+00	0.00E+00	5.04E+01	2.64E+02
108	2.19E+00	0.00E+00	Condition 2	1.00E+01	2.00E+00	1.00E+00	1.16E+02	9.85E+01
100	2.19E+00	0.00E+00	Condition 2	1.00E+01	3.00E+00	1.00E+00	8.02E+01	1.12E+02
178	7.60E-01	1.00E+00	Condition 3	1.00E+01	1.00E+00	0.00E+00	8.54E+01	2.85E+02
193	3.37E+00	0.00E+00	Condition 3	1.00E+01	2.00E+00	1.00E+00	8.63E+01	7.90E+01
192	2.22E+00	1.00E+00	Condition 3	1.00E+01	3.00E+00	1.00E+00	7.79E+01	1.44E+02
205	1.14E+00	0.00E+00	Condition 3	1.00E+01	6.00E+00	2.00E+00	2.76E+01	5.17E+01
208	1.14E+00	0.00E+00	Condition 3	1.00E+01	7.00E+00	2.00E+00	6.14E+01	2.59E+01
224	4.13E+00	0.00E+00	Condition 4	1.00E+01	1.00E+00	0.00E+00	8.65E+01	1.21E+02
356	3.33E-01	1.00E+00	Condition 5	1.00E+01	1.00E+00	0.00E+00	2.28E+02	2.32E+02
374	3.70E+00	2.00E+00	Condition 5	1.00E+01	2.00E+00	1.00E+00	5.84E+01	3.87E+02
361	3.09E+00	2.00E+00	Condition 5	1.00E+01	3.00E+00	1.00E+00	1.11E+01	2.38E+02
426	4.13E+00	0.00E+00	Condition 6	1.00E+01	1.00E+00	0.00E+00	2.26E+02	6.35E+01
553	3.05E+00	2.00E+00	Condition 7	1.00E+01	1.00E+00	0.00E+00	1.24E+02	3.50E+02
583	1.66E-01	1.00E+00	Condition 8	1.00E+01	1.00E+00	0.00E+00	1.12E+02	2.68E+02
595	1.71E+00	1.00E+00	Condition 8	1.00E+01	2.00E+00	1.00E+00	9.96E+00	3.54E+02
616	2.31E+00	1.00E+00	Condition 8	1.00E+01	3.00E+00	1.00E+00	9.76E+01	2.88E+02
651	6.56E-01	1.00E+00	Condition 8	1.00E+01	4.00E+00	2.00E+00	3.30E+01	2.36E+02
647	5.94E-01	1.00E+00	Condition 8	1.00E+01	5.00E+00	2.00E+00	2.88E+01	3.10E+02
675	1.02E+00	1.00E+00	Condition 8	1.00E+01	6.00E+00	2.00E+00	1.51E+02	3.29E+02
673	7.86E-01	1.00E+00	Condition 8	1.00E+01	7.00E+00	2.00E+00	1.48E+02	3.06E+02
695	5.64E-01	2.00E+00	Condition 8	1.00E+01	8.00E+00	3.00E+00	2.45E+01	6.36E+01
702	1.59E+00	0.00E+00	Condition 8	1.00E+01	9.00E+00	3.00E+00	2.87E+01	1.35E+02
690	6.27E-01	1.00E+00	Condition 8	1.00E+01	1.00E+01	3.00E+00	1.30E+01	3.80E+02
730	6.19E-01	1.00E+00	Condition 8	1.00E+01	1.10E+01	3.00E+00	2.93E+02	1.18E+02
717	6.35E-01	0.00E+00	Condition 8	1.00E+01	1.20E+01	3.00E+00	1.30E+02	1.05E+02
711	6.35E-01	0.00E+00	Condition 8	1.00E+01	1.30E+01	3.00E+00	7.72E+01	1.03E+02
716	1.61E-01	2.00E+00	Condition 8	1.00E+01	1.40E+01	3.00E+00	1.14E+02	7.07E+01
721	8.69E-01	0.00E+00	Condition 8	1.00E+01	1.50E+01	3.00E+00	1.63E+02	2.81E+02
23	4.13E+00	0.00E+00	Condition 1	1.10E+01	1.00E+00	0.00E+00	1.47E+02	1.17E+02
63	3.29E+00	1.00E+00	Condition 2	1.10E+01	1.00E+00	0.00E+00	4.61E+01	1.60E+02
90	8.33E-01	0.00E+00	Condition 2	1.10E+01	2.00E+00	1.00E+00	5.57E+01	3.85E+01
85	8.33E-01	0.00E+00	Condition 2	1.10E+01	3.00E+00	1.00E+00	3.99E+01	2.50E+01
175	4.13E+00	0.00E+00	Condition 3	1.10E+01	1.00E+00	0.00E+00	3.35E+01	4.67E+01
220	1.77E-01	1.00E+00	Condition 4	1.10E+01	1.00E+00	0.00E+00	4.31E+01	5.18E+01
253	2.33E+00	2.00E+00	Condition 4	1.10E+01	2.00E+00	1.00E+00	3.76E+01	1.14E+02
255	1.95E+00	2.00E+00	Condition 4	1.10E+01	3.00E+00	1.00E+00	4.03E+01	5.46E+01
348	7.29E-01	1.00E+00	Condition 5	1.10E+01	1.00E+00	0.00E+00	2.40E+01	7.10E+01
362	1.99E+00	1.00E+00	Condition 5	1.10E+01	2.00E+00	1.00E+00	1.23E+01	1.00E+02
359	2.82E+00	2.00E+00	Condition 5	1.10E+01	3.00E+00	1.00E+00	9.72E+00	3.11E+01
387	1.40E+00	0.00E+00	Condition 5	1.10E+01	4.00E+00	2.00E+00	4.66E+01	3.00E+01
388	1.38E+00	2.00E+00	Condition 5	1.10E+01	5.00E+00	2.00E+00	5.16E+01	4.94E+01
411	2.29E-01	1.00E+00	Condition 6	1.10E+01	1.00E+00	0.00E+00	4.27E+01	1.39E+02
441	2.87E+00	2.00E+00	Condition 6	1.10E+01	2.00E+00	1.00E+00	2.43E+01	2.46E+02
448	3.02E+00	1.00E+00	Condition 6	1.10E+01	3.00E+00	1.00E+00	3.64E+01	2.70E+02
507	8.82E-01	0.00E+00	Condition 6	1.10E+01	6.00E+00	2.00E+00	1.85E+02	8.17E+01
522	8.82E-01	0.00E+00	Condition 6	1.10E+01	7.00E+00	2.00E+00	7.20E+02	9.76E+01
545	7.84E-01	1.00E+00	Condition 7	1.10E+01	1.00E+00	0.00E+00	3.30E+01	1.00E+02
563	2.96E+00	2.00E+00	Condition 7	1.10E+01	2.00E+00	1.00E+00	6.19E+01	2.01E+02
565	1.20E+00	1.00E+00	Condition 7	1.10E+01	3.00E+00	1.00E+00	7.14E+01	2.67E+02
571	2.02E+00	2.00E+00	Condition 7	1.10E+01	6.00E+00	2.00E+00	1.27E+02	2.26E+02
568	1.57E+00	2.00E+00	Condition 7	1.10E+01	7.00E+00	2.00E+00	3.25E+01	1.25E+02
586	1.46E-01	1.00E+00	Condition 8	1.10E+01	1.00E+00	0.00E+00	1.48E+02	3.55E+02
617	7.08E-01	1.00E+00	Condition 8	1.10E+01	2.00E+00	1.00E+00	9.76E+01	1.38E+02
625	5.63E-01	1.00E+00	Condition 8	1.10E+01	3.00E+00	1.00E+00	1.92E+02	2.60E+02
631	1.80E+00	2.00E+00	Condition 8	1.10E+01	4.00E+00	2.00E+00	7.74E+00	1.48E+02
655	1.56E-01	3.00E+00	Condition 8	1.10E+01	5.00E+00	2.00E+00	4.50E+01	1.43E+02
681	3.09E+00	3.00E+00	Condition 8	1.10E+01	6.00E+00	2.00E+00	2.20E+02	2.73E+02
637	1.04E+00	1.00E+00	Condition 8	1.10E+01	7.00E+00	2.00E+00	1.53E+01	4.92E+02
714	2.38E+00	0.00E+00	Condition 8	1.10E+01	1.40E+01	3.00E+00	1.04E+02	2.70E+02
731	2.38E+00	0.00E+00	Condition 8	1.10E+01	1.50E+01	3.00E+00	4.52E+02	9.35E+01
19	3.05E+00	1.00E+00	Condition 1	1.20E+01	1.00E+00	0.00E+00	9.52E+01	1.88E+02
40	1.08E+00	0.00E+00	Condition 1	1.20E+01	2.00E+00	1.00E+00	1.01E+02	1.00E+02
42	1.08E+00	0.00E+00	Condition 1	1.20E+01	3.00E+00	1.00E+00	1.54E+02	8.59E+01
77	1.50E+00	1.00E+00	Condition 2	1.20E+01	1.00E+00	0.00E+00	9.50E+01	1.74E+02
109	1.98E+00	1.00E+00	Condition 2	1.20E+01	2.00E+00	1.00E+00	1.19E+02	1.42E+02
111	2.62E+00	0.00E+00	Condition 2	1.20E+01	3.00E+00	1.00E+00	1.50E+02	7.25E+01
130	6.46E-01	0.00E+00	Condition 2	1.20E+01	4.00E+00	2.00E+00	8.32E+01	7.64E+01
131	6.46E-01	0.00E+00	Condition 2	1.20E+01	5.00E+00	2.00E+00	8.60E+01	8.15E+01
176	2.23E+00	1.00E+00	Condition 3	1.20E+01	1.00E+00	0.00E+00	3.80E+01	4.69E+01
185	1.89E+00	0.00E+00	Condition 3	1.20E+01	2.00E+00	1.00E+00	1.34E+01	2.34E+01
186	1.89E+00	0.00E+00	Condition 3	1.20E+01	3.00E+00	1.00E+00	1.47E+01	2.11E+01
216	5.74E-01	1.00E+00	Condition 4	1.20E+01	1.00E+00	0.00E+00	1.40E+01	3.13E+01
246	1.23E+00	1.00E+00	Condition 4	1.20E+01	2.00E+00	1.00E+00	1.50E+01	1.96E+02
245	1.27E+00	1.00E+00	Condition 4	1.20E+01	3.00E+00	1.00E+00	1.46E+01	8.64E+01
298	4.49E-01	1.00E+00	Condition 4	1.20E+01	4.00E+00	2.00E+00	3.17E+02	6.71E+01
290	1.68E+00	1.00E+00	Condition 4	1.20E+01	5.00E+00	2.00E+00	6.19E+01	3.94E+00
287	7.50E-01	3.00E+00	Condition 4	1.20E+01	6.00E+00	2.00E+00	4.14E+01	2.77E+01
282	5.83E-01	1.00E+00	Condition 4	1.20E+01	7.00E+00	2.00E+00	2.50E+01	9.42E+01
324	5.20E-01	1.00E+00	Condition 4	1.20E+01	8.00E+00	3.00E+00	3.90E+01	6.08E+01
326	4.36E-01	1.00E+00	Condition 4	1.20E+01	9.00E+00	3.00E+00	4.81E+01	4.52E+01
313	6.46E-01	0.00E+00	Condition 4	1.20E+01	1.00E+01	3.00E+00	3.13E+00	4.49E+00
316	4.27E-01	3.00E+00	Condition 4	1.20E+01	1.10E+01	3.00E+00	9.14E+00	2.40E+02
325	7.72E-01	1.00E+00	Condition 4	1.20E+01	1.40E+01	3.00E+00	4.40E+01	1.10E+02
323	5.63E-01	3.00E+00	Condition 4	1.20E+01	1.50E+01	3.00E+00	2.65E+01	2.66E+01
353	1.60E+00	1.00E+00	Condition 5	1.20E+01	1.00E+00	0.00E+00	8.55E+01	1.73E+02
371	8.85E-01	3.00E+00	Condition 5	1.20E+01	2.00E+00	1.00E+00	3.50E+01	3.96E+01
376	2.53E+00	3.00E+00	Condition 5	1.20E+01	3.00E+00	1.00E+00	6.13E+01	4.30E+01
424	2.05E+00	1.00E+00	Condition 6	1.20E+01	1.00E+00	0.00E+00	2.07E+02	5.04E+02
466	2.07E+00	0.00E+00	Condition 6	1.20E+01	2.00E+00	1.00E+00	1.34E+02	1.84E+02
465	2.07E+00	0.00E+00	Condition 6	1.20E+01	3.00E+00	1.00E+00	1.24E+02	1.42E+02
589	1.02E-02	1.00E+00	Condition 8	1.20E+01	1.00E+00	0.00E+00	       NaN	       NaN
598	5.24E-01	1.00E+00	Condition 8	1.20E+01	2.00E+00	1.00E+00	1.25E+01	1.44E+02
602	5.24E-01	1.00E+00	Condition 8	1.20E+01	3.00E+00	1.00E+00	1.63E+01	1.60E+02
638	1.72E+00	1.00E+00	Condition 8	1.20E+01	4.00E+00	2.00E+00	1.80E+01	5.32E+02
653	2.21E+00	1.00E+00	Condition 8	1.20E+01	5.00E+00	2.00E+00	3.81E+01	3.40E+02
657	2.62E+00	1.00E+00	Condition 8	1.20E+01	6.00E+00	2.00E+00	4.63E+01	3.25E+02
652	6.87E-01	2.00E+00	Condition 8	1.20E+01	7.00E+00	2.00E+00	3.81E+01	1.59E+01
718	1.51E+00	1.00E+00	Condition 8	1.20E+01	8.00E+00	3.00E+00	1.31E+02	3.61E+02
727	7.26E-01	1.00E+00	Condition 8	1.20E+01	9.00E+00	3.00E+00	2.15E+02	4.24E+02
722	1.38E+00	0.00E+00	Condition 8	1.20E+01	1.00E+01	3.00E+00	1.75E+02	1.41E+02
726	1.38E+00	0.00E+00	Condition 8	1.20E+01	1.10E+01	3.00E+00	2.07E+02	4.12E+01
713	9.76E-01	0.00E+00	Condition 8	1.20E+01	1.20E+01	3.00E+00	9.37E+01	6.17E+01
715	9.76E-01	0.00E+00	Condition 8	1.20E+01	1.30E+01	3.00E+00	1.09E+02	4.56E+01
1	4.13E+00	2.00E+00	Condition 1	1.30E+01	1.00E+00	0.00E+00	9.05E+00	3.06E+01
75	3.18E+00	1.00E+00	Condition 2	1.30E+01	1.00E+00	0.00E+00	8.22E+01	3.47E+02
104	9.45E-01	0.00E+00	Condition 2	1.30E+01	2.00E+00	1.00E+00	9.85E+01	9.39E+01
114	9.45E-01	0.00E+00	Condition 2	1.30E+01	3.00E+00	1.00E+00	2.16E+02	1.48E+02
173	2.66E+00	1.00E+00	Condition 3	1.30E+01	1.00E+00	0.00E+00	3.02E+01	1.86E+02
189	1.47E+00	0.00E+00	Condition 3	1.30E+01	2.00E+00	1.00E+00	4.31E+01	2.64E+01
190	1.47E+00	0.00E+00	Condition 3	1.30E+01	3.00E+00	1.00E+00	5.02E+01	5.69E+01
234	2.40E+00	1.00E+00	Condition 4	1.30E+01	1.00E+00	0.00E+00	7.76E+02	2.75E+03
271	1.73E+00	0.00E+00	Condition 4	1.30E+01	2.00E+00	1.00E+00	1.82E+03	1.41E+03
272	1.73E+00	0.00E+00	Condition 4	1.30E+01	3.00E+00	1.00E+00	2.39E+03	2.28E+03
351	3.54E-01	1.00E+00	Condition 5	1.30E+01	1.00E+00	0.00E+00	4.75E+01	7.15E+01
375	3.77E+00	0.00E+00	Condition 5	1.30E+01	2.00E+00	1.00E+00	5.92E+01	6.93E+01
373	3.77E+00	0.00E+00	Condition 5	1.30E+01	3.00E+00	1.00E+00	5.02E+01	6.25E+01
425	1.10E+00	1.00E+00	Condition 6	1.30E+01	1.00E+00	0.00E+00	2.11E+02	6.15E+02
460	9.26E-01	1.00E+00	Condition 6	1.30E+01	2.00E+00	1.00E+00	6.75E+01	7.81E+02
473	6.79E-01	1.00E+00	Condition 6	1.30E+01	3.00E+00	1.00E+00	3.07E+02	8.57E+02
482	5.45E-01	1.00E+00	Condition 6	1.30E+01	4.00E+00	2.00E+00	2.21E+01	5.36E+02
483	5.56E-01	1.00E+00	Condition 6	1.30E+01	5.00E+00	2.00E+00	2.35E+01	5.14E+02
478	1.00E+00	1.00E+00	Condition 6	1.30E+01	6.00E+00	2.00E+00	8.73E+00	4.15E+02
512	5.31E-01	1.00E+00	Condition 6	1.30E+01	7.00E+00	2.00E+00	2.00E+02	4.90E+02
574	4.09E-01	1.00E+00	Condition 8	1.30E+01	1.00E+00	0.00E+00	3.00E+01	5.68E+01
607	2.00E+00	1.00E+00	Condition 8	1.30E+01	2.00E+00	1.00E+00	2.75E+01	3.98E+02
604	2.67E+00	3.00E+00	Condition 8	1.30E+01	3.00E+00	1.00E+00	2.00E+01	8.21E+01
626	8.25E-01	2.00E+00	Condition 8	1.30E+01	4.00E+00	2.00E+00	5.74E+00	3.05E+02
13	2.58E+00	2.00E+00	Condition 1	1.40E+01	1.00E+00	0.00E+00	4.83E+01	5.90E+01
61	2.40E+00	1.00E+00	Condition 2	1.40E+01	1.00E+00	0.00E+00	3.93E+01	9.67E+01
92	1.73E+00	0.00E+00	Condition 2	1.40E+01	2.00E+00	1.00E+00	6.15E+01	4.75E+01
95	1.73E+00	0.00E+00	Condition 2	1.40E+01	3.00E+00	1.00E+00	7.05E+01	4.51E+01
174	1.81E+00	1.00E+00	Condition 3	1.40E+01	1.00E+00	0.00E+00	3.21E+01	5.90E+01
187	2.32E+00	0.00E+00	Condition 3	1.40E+01	2.00E+00	1.00E+00	2.93E+01	2.70E+01
188	2.32E+00	0.00E+00	Condition 3	1.40E+01	3.00E+00	1.00E+00	3.12E+01	2.47E+01
213	1.08E+00	1.00E+00	Condition 4	1.40E+01	1.00E+00	0.00E+00	8.00E+00	4.97E+01
250	2.58E+00	1.00E+00	Condition 4	1.40E+01	2.00E+00	1.00E+00	2.56E+01	2.43E+02
247	1.29E+00	1.00E+00	Condition 4	1.40E+01	3.00E+00	1.00E+00	1.81E+01	9.36E+01
295	4.69E-01	0.00E+00	Condition 4	1.40E+01	4.00E+00	2.00E+00	1.07E+02	5.41E+01
292	2.08E-01	0.00E+00	Condition 4	1.40E+01	5.00E+00	2.00E+00	7.07E+01	4.44E+01
286	1.31E+00	2.00E+00	Condition 4	1.40E+01	6.00E+00	2.00E+00	3.36E+01	7.30E+01
283	1.24E+00	2.00E+00	Condition 4	1.40E+01	7.00E+00	2.00E+00	2.81E+01	4.47E+01
345	3.63E+00	0.00E+00	Condition 5	1.40E+01	1.00E+00	0.00E+00	1.59E+01	1.87E+01
413	1.15E+00	1.00E+00	Condition 6	1.40E+01	1.00E+00	0.00E+00	5.17E+01	2.20E+02
467	2.73E+00	0.00E+00	Condition 6	1.40E+01	2.00E+00	1.00E+00	1.42E+02	8.63E+01
464	1.20E+00	1.00E+00	Condition 6	1.40E+01	3.00E+00	1.00E+00	1.17E+02	6.14E+01
489	1.77E-01	3.00E+00	Condition 6	1.40E+01	6.00E+00	2.00E+00	5.91E+01	6.37E+01
501	9.26E-01	1.00E+00	Condition 6	1.40E+01	7.00E+00	2.00E+00	1.32E+02	4.49E+01
535	8.54E-01	0.00E+00	Condition 6	1.40E+01	1.40E+01	3.00E+00	1.03E+02	6.76E+01
534	8.54E-01	0.00E+00	Condition 6	1.40E+01	1.50E+01	3.00E+00	9.05E+01	6.17E+01
576	2.08E-01	1.00E+00	Condition 8	1.40E+01	1.00E+00	0.00E+00	5.48E+01	1.55E+02
32	2.55E+00	1.00E+00	Condition 1	1.50E+01	1.00E+00	0.00E+00	3.39E+02	3.07E+02
44	1.58E+00	0.00E+00	Condition 1	1.50E+01	2.00E+00	1.00E+00	4.31E+02	2.51E+02
45	1.58E+00	0.00E+00	Condition 1	1.50E+01	3.00E+00	1.00E+00	5.43E+02	2.49E+02
65	3.36E+00	1.00E+00	Condition 2	1.50E+01	1.00E+00	0.00E+00	4.89E+01	1.41E+02
91	7.71E-01	0.00E+00	Condition 2	1.50E+01	2.00E+00	1.00E+00	5.89E+01	4.84E+01
98	7.71E-01	0.00E+00	Condition 2	1.50E+01	3.00E+00	1.00E+00	7.64E+01	5.39E+01
217	3.33E-01	1.00E+00	Condition 4	1.50E+01	1.00E+00	0.00E+00	2.28E+01	5.44E+01
243	1.73E+00	1.00E+00	Condition 4	1.50E+01	2.00E+00	1.00E+00	1.18E+01	3.10E+01
241	2.28E+00	1.00E+00	Condition 4	1.50E+01	3.00E+00	1.00E+00	9.91E+00	5.12E+01
278	8.37E-01	1.00E+00	Condition 4	1.50E+01	4.00E+00	2.00E+00	1.49E+01	2.35E+01
275	2.06E+00	0.00E+00	Condition 4	1.50E+01	5.00E+00	2.00E+00	8.28E+00	4.17E+01
279	1.52E+00	0.00E+00	Condition 4	1.50E+01	6.00E+00	2.00E+00	1.87E+01	8.38E+01
277	1.52E+00	0.00E+00	Condition 4	1.50E+01	7.00E+00	2.00E+00	1.27E+01	6.98E+01
317	8.23E-01	1.00E+00	Condition 4	1.50E+01	8.00E+00	3.00E+00	1.00E+01	2.50E+01
315	8.00E-01	1.00E+00	Condition 4	1.50E+01	9.00E+00	3.00E+00	8.14E+00	3.70E+01
344	7.92E-01	1.00E+00	Condition 5	1.50E+01	1.00E+00	0.00E+00	1.20E+01	3.31E+01
360	2.42E+00	1.00E+00	Condition 5	1.50E+01	2.00E+00	1.00E+00	1.10E+01	2.91E+01
363	1.78E+00	1.00E+00	Condition 5	1.50E+01	3.00E+00	1.00E+00	1.30E+01	3.02E+01
382	9.12E-01	0.00E+00	Condition 5	1.50E+01	4.00E+00	2.00E+00	1.81E+01	1.16E+01
378	9.12E-01	0.00E+00	Condition 5	1.50E+01	5.00E+00	2.00E+00	1.25E+01	1.04E+01
386	1.56E+00	0.00E+00	Condition 5	1.50E+01	6.00E+00	2.00E+00	3.63E+01	2.28E+01
383	1.56E+00	0.00E+00	Condition 5	1.50E+01	7.00E+00	2.00E+00	1.89E+01	1.98E+01
405	3.36E+00	1.00E+00	Condition 6	1.50E+01	1.00E+00	0.00E+00	2.12E+01	5.36E+01
446	7.71E-01	0.00E+00	Condition 6	1.50E+01	2.00E+00	1.00E+00	3.48E+01	4.74E+01
436	7.71E-01	0.00E+00	Condition 6	1.50E+01	3.00E+00	1.00E+00	1.60E+01	3.40E+01
579	6.77E-01	1.00E+00	Condition 8	1.50E+01	1.00E+00	0.00E+00	9.24E+01	2.11E+02
601	1.37E+00	1.00E+00	Condition 8	1.50E+01	2.00E+00	1.00E+00	1.54E+01	2.35E+02
603	5.44E-01	1.00E+00	Condition 8	1.50E+01	3.00E+00	1.00E+00	1.74E+01	2.02E+02
659	1.66E+00	1.00E+00	Condition 8	1.50E+01	4.00E+00	2.00E+00	7.39E+01	3.70E+02
660	2.08E+00	0.00E+00	Condition 8	1.50E+01	5.00E+00	2.00E+00	7.62E+01	2.03E+02
643	2.91E+00	0.00E+00	Condition 8	1.50E+01	6.00E+00	2.00E+00	2.37E+01	7.99E+01
663	8.11E-01	1.00E+00	Condition 8	1.50E+01	7.00E+00	2.00E+00	8.17E+01	1.36E+02
687	4.27E-01	0.00E+00	Condition 8	1.50E+01	8.00E+00	3.00E+00	9.61E+00	4.88E+01
719	4.27E-01	0.00E+00	Condition 8	1.50E+01	9.00E+00	3.00E+00	1.32E+02	9.93E+01
707	6.60E-01	1.00E+00	Condition 8	1.50E+01	1.40E+01	3.00E+00	4.57E+01	2.71E+02
691	7.54E-01	1.00E+00	Condition 8	1.50E+01	1.50E+01	3.00E+00	1.86E+01	8.75E+01
5	4.13E+00	0.00E+00	Condition 1	1.60E+01	1.00E+00	0.00E+00	2.71E+01	2.66E+01
70	2.60E-01	1.00E+00	Condition 2	1.60E+01	1.00E+00	0.00E+00	6.03E+01	1.22E+02
97	1.74E+00	1.00E+00	Condition 2	1.60E+01	2.00E+00	1.00E+00	7.62E+01	5.96E+01
93	1.18E+00	1.00E+00	Condition 2	1.60E+01	3.00E+00	1.00E+00	6.53E+01	2.36E+02
141	9.94E-01	1.00E+00	Condition 2	1.60E+01	4.00E+00	2.00E+00	1.23E+02	1.36E+02
134	2.08E+00	1.00E+00	Condition 2	1.60E+01	5.00E+00	2.00E+00	9.36E+01	2.78E+02
138	1.70E+00	1.00E+00	Condition 2	1.60E+01	6.00E+00	2.00E+00	1.11E+02	2.99E+02
120	1.44E+00	1.00E+00	Condition 2	1.60E+01	7.00E+00	2.00E+00	5.19E+01	2.02E+02
151	1.13E+00	0.00E+00	Condition 2	1.60E+01	8.00E+00	3.00E+00	3.30E+01	1.39E+02
149	1.13E+00	0.00E+00	Condition 2	1.60E+01	9.00E+00	3.00E+00	1.98E+01	7.44E+01
167	5.21E-02	0.00E+00	Condition 2	1.60E+01	1.00E+01	3.00E+00	       NaN	       NaN
168	5.21E-02	0.00E+00	Condition 2	1.60E+01	1.10E+01	3.00E+00	       NaN	       NaN
163	9.86E-01	0.00E+00	Condition 2	1.60E+01	1.20E+01	3.00E+00	1.57E+02	1.28E+02
166	9.86E-01	0.00E+00	Condition 2	1.60E+01	1.30E+01	3.00E+00	2.04E+02	1.14E+02
154	1.19E+00	1.00E+00	Condition 2	1.60E+01	1.40E+01	3.00E+00	8.67E+01	2.51E+02
155	1.22E+00	1.00E+00	Condition 2	1.60E+01	1.50E+01	3.00E+00	8.82E+01	4.08E+02
228	9.36E-02	1.00E+00	Condition 4	1.60E+01	1.00E+00	0.00E+00	1.14E+02	3.13E+02
264	1.35E+00	1.00E+00	Condition 4	1.60E+01	2.00E+00	1.00E+00	1.72E+02	1.31E+03
251	1.39E+00	1.00E+00	Condition 4	1.60E+01	3.00E+00	1.00E+00	2.91E+01	5.83E+02
300	1.32E+00	1.00E+00	Condition 4	1.60E+01	4.00E+00	2.00E+00	3.64E+02	1.14E+02
301	1.49E+00	1.00E+00	Condition 4	1.60E+01	5.00E+00	2.00E+00	3.90E+02	6.09E+02
293	1.17E+00	1.00E+00	Condition 4	1.60E+01	6.00E+00	2.00E+00	7.68E+01	9.47E+02
299	1.14E+00	1.00E+00	Condition 4	1.60E+01	7.00E+00	2.00E+00	3.38E+02	1.79E+02
333	1.29E+00	1.00E+00	Condition 4	1.60E+01	8.00E+00	3.00E+00	4.16E+02	1.27E+03
330	1.15E+00	1.00E+00	Condition 4	1.60E+01	9.00E+00	3.00E+00	2.16E+02	9.13E+02
321	1.20E+00	0.00E+00	Condition 4	1.60E+01	1.00E+01	3.00E+00	1.69E+01	4.18E+02
332	1.20E+00	0.00E+00	Condition 4	1.60E+01	1.10E+01	3.00E+00	3.59E+02	4.22E+02
334	1.48E+00	0.00E+00	Condition 4	1.60E+01	1.20E+01	3.00E+00	4.51E+02	4.69E+02
331	1.48E+00	0.00E+00	Condition 4	1.60E+01	1.30E+01	3.00E+00	3.29E+02	3.11E+02
337	1.51E+00	0.00E+00	Condition 4	1.60E+01	1.40E+01	3.00E+00	5.13E+02	4.59E+02
328	1.51E+00	0.00E+00	Condition 4	1.60E+01	1.50E+01	3.00E+00	9.09E+01	4.00E+02
399	3.67E-01	1.00E+00	Condition 6	1.60E+01	1.00E+00	0.00E+00	1.30E+01	2.83E+01
433	3.18E+00	2.00E+00	Condition 6	1.60E+01	2.00E+00	1.00E+00	1.26E+01	3.35E+01
435	1.95E+00	2.00E+00	Condition 6	1.60E+01	3.00E+00	1.00E+00	1.39E+01	3.59E+01
587	1.04E-01	1.00E+00	Condition 8	1.60E+01	1.00E+00	0.00E+00	2.62E+02	2.80E+02
599	1.16E+00	1.00E+00	Condition 8	1.60E+01	2.00E+00	1.00E+00	1.35E+01	2.87E+02
611	1.30E+00	1.00E+00	Condition 8	1.60E+01	3.00E+00	1.00E+00	4.03E+01	3.55E+02
642	8.96E-01	3.00E+00	Condition 8	1.60E+01	4.00E+00	2.00E+00	2.26E+01	1.85E+01
650	3.75E-01	1.00E+00	Condition 8	1.60E+01	5.00E+00	2.00E+00	3.29E+01	1.24E+02
656	1.07E+00	1.00E+00	Condition 8	1.60E+01	6.00E+00	2.00E+00	4.63E+01	3.23E+02
670	8.99E-01	1.00E+00	Condition 8	1.60E+01	7.00E+00	2.00E+00	1.37E+02	1.52E+02
692	1.41E+00	1.00E+00	Condition 8	1.60E+01	1.00E+01	3.00E+00	2.10E+01	2.81E+02
14	4.13E+00	0.00E+00	Condition 1	1.70E+01	1.00E+00	0.00E+00	6.92E+01	4.72E+01
74	4.13E+00	0.00E+00	Condition 2	1.70E+01	1.00E+00	0.00E+00	7.25E+01	6.63E+01
227	4.13E+00	0.00E+00	Condition 4	1.70E+01	1.00E+00	0.00E+00	1.06E+02	2.06E+02
406	2.00E+00	1.00E+00	Condition 6	1.70E+01	1.00E+00	0.00E+00	2.38E+01	1.07E+02
451	1.27E+00	3.00E+00	Condition 6	1.70E+01	2.00E+00	1.00E+00	4.49E+01	3.75E+01
447	1.18E-01	3.00E+00	Condition 6	1.70E+01	3.00E+00	1.00E+00	3.57E+01	3.80E+01
585	2.60E-01	1.00E+00	Condition 8	1.70E+01	1.00E+00	0.00E+00	1.43E+02	4.12E+02
623	8.88E-01	1.00E+00	Condition 8	1.70E+01	2.00E+00	1.00E+00	1.44E+02	4.84E+02
596	7.19E-01	1.00E+00	Condition 8	1.70E+01	3.00E+00	1.00E+00	1.04E+01	2.12E+02
674	5.16E-01	3.00E+00	Condition 8	1.70E+01	4.00E+00	2.00E+00	1.51E+02	1.31E+02
680	1.33E+00	2.00E+00	Condition 8	1.70E+01	5.00E+00	2.00E+00	2.05E+02	3.45E+02
629	1.89E+00	2.00E+00	Condition 8	1.70E+01	6.00E+00	2.00E+00	6.51E+00	6.22E+02
668	7.13E-01	1.00E+00	Condition 8	1.70E+01	7.00E+00	2.00E+00	1.27E+02	9.90E+01
22	4.13E+00	0.00E+00	Condition 1	1.80E+01	1.00E+00	0.00E+00	1.05E+02	1.76E+02
60	5.10E-01	1.00E+00	Condition 2	1.80E+01	1.00E+00	0.00E+00	3.32E+01	8.71E+01
86	3.49E+00	1.00E+00	Condition 2	1.80E+01	2.00E+00	1.00E+00	4.03E+01	1.92E+02
80	3.62E+00	0.00E+00	Condition 2	1.80E+01	3.00E+00	1.00E+00	1.31E+01	9.57E+01
129	1.25E-01	0.00E+00	Condition 2	1.80E+01	4.00E+00	2.00E+00	8.20E+01	5.90E+01
127	1.25E-01	0.00E+00	Condition 2	1.80E+01	5.00E+00	2.00E+00	7.75E+01	5.80E+01
226	1.62E+00	1.00E+00	Condition 4	1.80E+01	1.00E+00	0.00E+00	8.72E+01	7.74E+02
265	2.51E+00	0.00E+00	Condition 4	1.80E+01	2.00E+00	1.00E+00	2.13E+02	4.27E+02
266	2.51E+00	0.00E+00	Condition 4	1.80E+01	3.00E+00	1.00E+00	2.40E+02	2.05E+02
407	4.13E+00	0.00E+00	Condition 6	1.80E+01	1.00E+00	0.00E+00	3.11E+01	1.01E+02
591	6.23E-02	1.00E+00	Condition 8	1.80E+01	1.00E+00	0.00E+00	       NaN	       NaN
610	8.13E-01	1.00E+00	Condition 8	1.80E+01	2.00E+00	1.00E+00	3.86E+01	2.11E+02
615	1.11E+00	1.00E+00	Condition 8	1.80E+01	3.00E+00	1.00E+00	9.75E+01	3.54E+02
635	1.64E+00	1.00E+00	Condition 8	1.80E+01	4.00E+00	2.00E+00	1.38E+01	4.38E+02
633	2.50E+00	2.00E+00	Condition 8	1.80E+01	5.00E+00	2.00E+00	1.03E+01	3.53E+02
634	1.86E+00	1.00E+00	Condition 8	1.80E+01	6.00E+00	2.00E+00	1.11E+01	3.56E+02
684	6.49E-02	3.00E+00	Condition 8	1.80E+01	7.00E+00	2.00E+00	       NaN	       NaN
697	1.61E+00	0.00E+00	Condition 8	1.80E+01	8.00E+00	3.00E+00	2.50E+01	1.85E+02
689	1.61E+00	0.00E+00	Condition 8	1.80E+01	9.00E+00	3.00E+00	1.28E+01	1.25E+02
686	1.10E+00	0.00E+00	Condition 8	1.80E+01	1.20E+01	3.00E+00	9.00E+00	9.01E+01
703	1.10E+00	0.00E+00	Condition 8	1.80E+01	1.30E+01	3.00E+00	3.17E+01	1.28E+02
12	4.13E+00	0.00E+00	Condition 1	1.90E+01	1.00E+00	0.00E+00	4.70E+01	5.66E+01
58	6.25E-01	1.00E+00	Condition 2	1.90E+01	1.00E+00	0.00E+00	2.05E+01	1.45E+02
84	1.59E+00	1.00E+00	Condition 2	1.90E+01	2.00E+00	1.00E+00	3.80E+01	3.75E+01
88	6.30E-01	3.00E+00	Condition 2	1.90E+01	3.00E+00	1.00E+00	4.38E+01	9.21E+01
119	1.91E+00	1.00E+00	Condition 2	1.90E+01	4.00E+00	2.00E+00	4.84E+01	1.08E+02
125	1.59E+00	1.00E+00	Condition 2	1.90E+01	5.00E+00	2.00E+00	7.45E+01	3.98E+02
162	3.22E-01	0.00E+00	Condition 2	1.90E+01	1.00E+01	3.00E+00	1.57E+02	1.48E+02
164	3.22E-01	0.00E+00	Condition 2	1.90E+01	1.10E+01	3.00E+00	1.69E+02	1.16E+02
222	4.13E+00	0.00E+00	Condition 4	1.90E+01	1.00E+00	0.00E+00	6.54E+01	3.07E+02
397	5.42E-01	1.00E+00	Condition 6	1.90E+01	1.00E+00	0.00E+00	1.20E+01	2.73E+01
440	1.77E+00	3.00E+00	Condition 6	1.90E+01	2.00E+00	1.00E+00	2.06E+01	1.40E+02
434	2.48E+00	3.00E+00	Condition 6	1.90E+01	3.00E+00	1.00E+00	1.36E+01	1.40E+02
572	2.84E-01	1.00E+00	Condition 8	1.90E+01	1.00E+00	0.00E+00	7.04E+00	4.57E+02
592	2.19E+00	1.00E+00	Condition 8	1.90E+01	2.00E+00	1.00E+00	5.91E+00	6.66E+02
622	2.35E+00	3.00E+00	Condition 8	1.90E+01	3.00E+00	1.00E+00	1.39E+02	3.12E+02
644	9.05E-01	1.00E+00	Condition 8	1.90E+01	4.00E+00	2.00E+00	2.54E+01	5.31E+02
683	1.65E+00	0.00E+00	Condition 8	1.90E+01	5.00E+00	2.00E+00	2.86E+02	1.72E+01
30	4.13E+00	0.00E+00	Condition 1	2.00E+01	1.00E+00	0.00E+00	3.04E+02	3.05E+02
59	6.15E-01	2.00E+00	Condition 2	2.00E+01	1.00E+00	0.00E+00	3.12E+01	2.89E+01
218	4.13E+00	0.00E+00	Condition 4	2.00E+01	1.00E+00	0.00E+00	3.00E+01	3.45E+01
410	4.13E+00	0.00E+00	Condition 6	2.00E+01	1.00E+00	0.00E+00	4.00E+01	7.89E+01
575	4.69E-01	1.00E+00	Condition 8	2.00E+01	1.00E+00	0.00E+00	3.45E+01	1.12E+02
606	1.42E+00	1.00E+00	Condition 8	2.00E+01	2.00E+00	1.00E+00	2.49E+01	1.89E+02
612	1.87E+00	1.00E+00	Condition 8	2.00E+01	3.00E+00	1.00E+00	4.26E+01	6.46E+01
645	5.41E-01	1.00E+00	Condition 8	2.00E+01	4.00E+00	2.00E+00	2.55E+01	2.03E+02
661	5.73E-01	1.00E+00	Condition 8	2.00E+01	5.00E+00	2.00E+00	7.92E+01	1.80E+02
664	1.79E+00	0.00E+00	Condition 8	2.00E+01	6.00E+00	2.00E+00	8.79E+01	1.31E+02
665	1.79E+00	0.00E+00	Condition 8	2.00E+01	7.00E+00	2.00E+00	9.19E+01	9.82E+01
700	1.69E+00	0.00E+00	Condition 8	2.00E+01	8.00E+00	3.00E+00	2.75E+01	9.12E+01
694	1.49E+00	1.00E+00	Condition 8	2.00E+01	9.00E+00	3.00E+00	2.38E+01	2.93E+02
701	9.67E-01	1.00E+00	Condition 8	2.00E+01	1.00E+01	3.00E+00	2.78E+01	1.48E+02
698	8.35E-01	1.00E+00	Condition 8	2.00E+01	1.10E+01	3.00E+00	2.59E+01	2.02E+02
31	4.13E+00	0.00E+00	Condition 1	2.10E+01	1.00E+00	0.00E+00	3.07E+02	4.51E+02
72	7.65E-01	1.00E+00	Condition 2	2.10E+01	1.00E+00	0.00E+00	6.51E+01	8.18E+01
107	2.04E+00	1.00E+00	Condition 2	2.10E+01	2.00E+00	1.00E+00	1.14E+02	8.92E+01
110	2.74E+00	0.00E+00	Condition 2	2.10E+01	3.00E+00	1.00E+00	1.44E+02	1.15E+02
214	2.43E+00	2.00E+00	Condition 4	2.10E+01	1.00E+00	0.00E+00	8.96E+00	1.09E+01
417	4.00E+00	0.00E+00	Condition 6	2.10E+01	1.00E+00	0.00E+00	9.52E+01	1.15E+02
33	4.13E+00	0.00E+00	Condition 1	2.20E+01	1.00E+00	0.00E+00	6.01E+02	7.40E+02
215	4.13E+00	0.00E+00	Condition 4	2.20E+01	1.00E+00	0.00E+00	1.30E+01	1.12E+01
400	3.56E+00	1.00E+00	Condition 6	2.20E+01	1.00E+00	0.00E+00	1.34E+01	1.00E+02
474	4.04E-01	3.00E+00	Condition 6	2.20E+01	2.00E+00	1.00E+00	3.66E+02	6.24E+01
477	0.00E+00	0.00E+00	Condition 6	2.20E+01	3.00E+00	1.00E+00	       NaN	       NaN
28	4.13E+00	0.00E+00	Condition 1	2.30E+01	1.00E+00	0.00E+00	2.01E+02	2.56E+02
225	6.99E-01	1.00E+00	Condition 4	2.30E+01	1.00E+00	0.00E+00	8.72E+01	7.53E+01
258	1.60E+00	1.00E+00	Condition 4	2.30E+01	2.00E+00	1.00E+00	7.29E+01	1.03E+02
259	2.51E+00	2.00E+00	Condition 4	2.30E+01	3.00E+00	1.00E+00	7.74E+01	4.21E+01
285	1.57E+00	1.00E+00	Condition 4	2.30E+01	4.00E+00	2.00E+00	3.26E+01	7.40E+01
288	1.83E+00	0.00E+00	Condition 4	2.30E+01	5.00E+00	2.00E+00	4.77E+01	4.39E+01
322	2.60E-01	0.00E+00	Condition 4	2.30E+01	8.00E+00	3.00E+00	1.80E+01	2.98E+01
327	2.60E-01	0.00E+00	Condition 4	2.30E+01	9.00E+00	3.00E+00	6.31E+01	3.63E+01
409	9.37E-01	1.00E+00	Condition 6	2.30E+01	1.00E+00	0.00E+00	3.52E+01	9.87E+01
459	1.60E+00	1.00E+00	Condition 6	2.30E+01	2.00E+00	1.00E+00	6.61E+01	1.69E+02
458	1.68E+00	1.00E+00	Condition 6	2.30E+01	3.00E+00	1.00E+00	5.74E+01	5.73E+01
487	1.59E+00	0.00E+00	Condition 6	2.30E+01	4.00E+00	2.00E+00	3.37E+01	9.34E+01
497	1.59E+00	0.00E+00	Condition 6	2.30E+01	5.00E+00	2.00E+00	9.84E+01	8.76E+01
484	1.17E+00	3.00E+00	Condition 6	2.30E+01	6.00E+00	2.00E+00	2.82E+01	4.71E+01
490	1.51E+00	0.00E+00	Condition 6	2.30E+01	7.00E+00	2.00E+00	7.13E+01	9.09E+01
26	4.13E+00	0.00E+00	Condition 1	2.40E+01	1.00E+00	0.00E+00	1.77E+02	2.25E+02
229	6.46E-01	1.00E+00	Condition 4	2.40E+01	1.00E+00	0.00E+00	1.24E+02	2.45E+02
257	1.88E+00	1.00E+00	Condition 4	2.40E+01	2.00E+00	1.00E+00	5.15E+01	1.44E+03
263	1.58E+00	1.00E+00	Condition 4	2.40E+01	3.00E+00	1.00E+00	1.39E+02	7.45E+02
291	1.60E+00	0.00E+00	Condition 4	2.40E+01	4.00E+00	2.00E+00	7.07E+01	2.90E+03
306	1.46E+00	1.00E+00	Condition 4	2.40E+01	5.00E+00	2.00E+00	5.68E+02	2.08E+03
284	1.05E+00	1.00E+00	Condition 4	2.40E+01	6.00E+00	2.00E+00	2.85E+01	1.16E+03
302	9.51E-01	1.00E+00	Condition 4	2.40E+01	7.00E+00	2.00E+00	4.21E+02	1.08E+03
341	1.46E-01	0.00E+00	Condition 4	2.40E+01	1.00E+01	3.00E+00	9.30E+02	6.49E+02
340	1.46E-01	0.00E+00	Condition 4	2.40E+01	1.10E+01	3.00E+00	7.15E+02	6.19E+02
335	8.54E-01	0.00E+00	Condition 4	2.40E+01	1.20E+01	3.00E+00	4.59E+02	6.77E+02
338	8.54E-01	0.00E+00	Condition 4	2.40E+01	1.30E+01	3.00E+00	5.71E+02	6.59E+02
336	9.54E-01	0.00E+00	Condition 4	2.40E+01	1.40E+01	3.00E+00	5.11E+02	6.49E+02
404	2.19E-01	1.00E+00	Condition 6	2.40E+01	1.00E+00	0.00E+00	1.79E+01	3.06E+01
438	1.34E+00	1.00E+00	Condition 6	2.40E+01	2.00E+00	1.00E+00	1.84E+01	2.67E+01
437	2.82E+00	1.00E+00	Condition 6	2.40E+01	3.00E+00	1.00E+00	1.77E+01	1.19E+02
486	1.94E+00	3.00E+00	Condition 6	2.40E+01	4.00E+00	2.00E+00	3.23E+01	5.53E+01
481	2.57E+00	0.00E+00	Condition 6	2.40E+01	5.00E+00	2.00E+00	1.97E+01	4.85E+01
500	1.09E+00	0.00E+00	Condition 6	2.40E+01	6.00E+00	2.00E+00	1.26E+02	4.89E+01
495	1.09E+00	0.00E+00	Condition 6	2.40E+01	7.00E+00	2.00E+00	8.62E+01	9.89E+01
533	3.11E-01	0.00E+00	Condition 6	2.40E+01	1.20E+01	3.00E+00	8.62E+01	6.02E+01
3	4.13E+00	0.00E+00	Condition 1	2.50E+01	1.00E+00	0.00E+00	1.81E+01	4.52E+01
396	5.42E-01	1.00E+00	Condition 6	2.50E+01	1.00E+00	0.00E+00	1.11E+01	4.53E+01
443	2.49E+00	3.00E+00	Condition 6	2.50E+01	2.00E+00	1.00E+00	2.66E+01	3.35E+01
444	2.92E-01	3.00E+00	Condition 6	2.50E+01	3.00E+00	1.00E+00	2.67E+01	1.79E+01
20	4.13E+00	0.00E+00	Condition 1	2.60E+01	1.00E+00	0.00E+00	9.54E+01	2.06E+02
422	4.13E+00	0.00E+00	Condition 6	2.60E+01	1.00E+00	0.00E+00	1.87E+02	7.37E+02
24	4.13E+00	0.00E+00	Condition 1	2.70E+01	1.00E+00	0.00E+00	1.48E+02	2.75E+02
423	9.37E-01	1.00E+00	Condition 6	2.70E+01	1.00E+00	0.00E+00	2.06E+02	5.18E+02
472	3.19E+00	0.00E+00	Condition 6	2.70E+01	2.00E+00	1.00E+00	2.62E+02	2.76E+02
471	2.23E+00	1.00E+00	Condition 6	2.70E+01	3.00E+00	1.00E+00	2.53E+02	6.74E+02
499	9.66E-01	0.00E+00	Condition 6	2.70E+01	6.00E+00	2.00E+00	1.13E+02	2.77E+02
505	9.66E-01	0.00E+00	Condition 6	2.70E+01	7.00E+00	2.00E+00	1.77E+02	3.82E+02
15	4.13E+00	0.00E+00	Condition 1	2.80E+01	1.00E+00	0.00E+00	7.31E+01	6.58E+01
398	5.94E-01	1.00E+00	Condition 6	2.80E+01	1.00E+00	0.00E+00	1.28E+01	2.54E+01
429	2.41E+00	1.00E+00	Condition 6	2.80E+01	2.00E+00	1.00E+00	8.74E+00	2.49E+01
428	2.41E+00	1.00E+00	Condition 6	2.80E+01	3.00E+00	1.00E+00	7.78E+00	6.95E+01
479	5.50E-01	3.00E+00	Condition 6	2.80E+01	4.00E+00	2.00E+00	1.40E+01	9.54E+00
9	4.13E+00	0.00E+00	Condition 1	2.90E+01	1.00E+00	0.00E+00	4.39E+01	4.06E+01
402	2.42E-01	1.00E+00	Condition 6	2.90E+01	1.00E+00	0.00E+00	1.50E+01	6.48E+01
431	3.89E+00	0.00E+00	Condition 6	2.90E+01	2.00E+00	1.00E+00	1.05E+01	1.48E+01
432	1.12E-01	3.00E+00	Condition 6	2.90E+01	3.00E+00	1.00E+00	1.06E+01	1.00E+01
27	4.13E+00	0.00E+00	Condition 1	3.00E+01	1.00E+00	0.00E+00	1.98E+02	3.61E+02
418	2.44E+00	1.00E+00	Condition 6	3.00E+01	1.00E+00	0.00E+00	1.16E+02	1.00E+02
450	1.69E+00	0.00E+00	Condition 6	3.00E+01	2.00E+00	1.00E+00	4.37E+01	3.16E+02
469	1.69E+00	0.00E+00	Condition 6	3.00E+01	3.00E+00	1.00E+00	2.06E+02	3.54E+02
17	4.13E+00	0.00E+00	Condition 1	3.10E+01	1.00E+00	0.00E+00	9.30E+01	2.46E+02
395	1.71E+00	1.00E+00	Condition 6	3.10E+01	1.00E+00	0.00E+00	7.00E+00	7.59E+01
452	2.41E+00	0.00E+00	Condition 6	3.10E+01	2.00E+00	1.00E+00	4.61E+01	2.09E+01
442	2.41E+00	0.00E+00	Condition 6	3.10E+01	3.00E+00	1.00E+00	2.50E+01	1.99E+01
10	4.13E+00	0.00E+00	Condition 1	3.20E+01	1.00E+00	0.00E+00	4.45E+01	9.26E+01
412	6.17E-01	1.00E+00	Condition 6	3.20E+01	1.00E+00	0.00E+00	4.42E+01	1.16E+02
455	2.10E+00	1.00E+00	Condition 6	3.20E+01	2.00E+00	1.00E+00	5.23E+01	2.09E+02
453	2.22E+00	1.00E+00	Condition 6	3.20E+01	3.00E+00	1.00E+00	4.63E+01	3.04E+02
508	1.41E+00	0.00E+00	Condition 6	3.20E+01	4.00E+00	2.00E+00	1.89E+02	1.34E+02
494	1.41E+00	0.00E+00	Condition 6	3.20E+01	5.00E+00	2.00E+00	8.60E+01	1.27E+02
511	1.29E+00	0.00E+00	Condition 6	3.20E+01	6.00E+00	2.00E+00	1.91E+02	1.70E+02
506	1.29E+00	0.00E+00	Condition 6	3.20E+01	7.00E+00	2.00E+00	1.80E+02	1.47E+02
16	1.59E+00	1.00E+00	Condition 1	3.30E+01	1.00E+00	0.00E+00	8.98E+01	5.44E+02
43	8.75E-01	1.00E+00	Condition 1	3.30E+01	2.00E+00	1.00E+00	1.77E+02	2.62E+02
41	1.29E+00	1.00E+00	Condition 1	3.30E+01	3.00E+00	1.00E+00	1.44E+02	2.21E+02
55	1.67E+00	0.00E+00	Condition 1	3.30E+01	4.00E+00	2.00E+00	1.46E+02	1.52E+02
54	1.67E+00	0.00E+00	Condition 1	3.30E+01	5.00E+00	2.00E+00	1.39E+02	1.35E+02
53	1.25E+00	0.00E+00	Condition 1	3.30E+01	6.00E+00	2.00E+00	1.01E+02	1.35E+02
52	8.11E-01	0.00E+00	Condition 1	3.30E+01	7.00E+00	2.00E+00	6.75E+01	9.28E+01
403	1.07E+00	1.00E+00	Condition 6	3.30E+01	1.00E+00	0.00E+00	1.58E+01	1.54E+02
456	1.07E+00	1.00E+00	Condition 6	3.30E+01	2.00E+00	1.00E+00	5.51E+01	1.33E+02
461	1.84E+00	1.00E+00	Condition 6	3.30E+01	3.00E+00	1.00E+00	7.50E+01	4.83E+02
496	1.40E+00	1.00E+00	Condition 6	3.30E+01	4.00E+00	2.00E+00	9.06E+01	1.44E+02
493	2.00E+00	0.00E+00	Condition 6	3.30E+01	5.00E+00	2.00E+00	7.84E+01	5.08E+02
485	1.23E+00	0.00E+00	Condition 6	3.30E+01	6.00E+00	2.00E+00	2.87E+01	1.03E+02
510	1.23E+00	0.00E+00	Condition 6	3.30E+01	7.00E+00	2.00E+00	1.90E+02	1.38E+02
529	5.94E-01	0.00E+00	Condition 6	3.30E+01	8.00E+00	3.00E+00	2.87E+01	1.29E+02
539	5.94E-01	0.00E+00	Condition 6	3.30E+01	9.00E+00	3.00E+00	2.33E+02	1.42E+02
