	Event_Time	Start_Time	Cause	Growth_Factor	Clone	Progenitor	Generation
1282	7.60E-01	7.33E+05	0	1	1	2	1
1283	8.93E-01	7.33E+05	0	1	1	3	1
1	3.56E-01	7.33E+05	1	1	2	1	0
2	3.33E+00	7.33E+05	1	1	2	4	2
3	9.24E-02	7.33E+05	1	1	3	1	0
6	1.40E+00	7.33E+05	1	1	4	5	2
4	1.40E+00	7.33E+05	1	1	4	6	2
5	1.46E+00	7.33E+05	1	1	4	7	2
8	1.68E+00	7.33E+05	1	1	4	8	3
7	1.76E+00	7.33E+05	1	1	4	9	3
1702	8.33E-01	7.33E+05	2	1	5	2	1
1284	4.76E-01	7.33E+05	0	1	5	3	1
9	1.74E-01	7.33E+05	1	1	6	1	0
10	1.74E-01	7.33E+05	1	1	7	1	0
11	1.74E-01	7.33E+05	1	1	8	1	0
1703	1.01E+00	7.33E+05	2	1	9	1	0
12	1.74E-01	7.33E+05	1	1	10	1	0
1704	1.11E+00	7.33E+05	2	1	11	2	1
1705	1.36E+00	7.33E+05	2	1	11	3	1
1706	1.91E+00	7.33E+05	2	1	12	10	3
1285	2.44E+00	7.33E+05	0	1	12	14	3
13	2.98E+00	7.33E+05	1	1	12	30	4
14	2.98E+00	7.33E+05	1	1	12	31	4
22	2.63E+00	7.33E+05	1	1	12	32	5
32	2.63E+00	7.33E+05	1	1	12	33	5
33	2.63E+00	7.33E+05	1	1	12	34	5
1707	2.69E+00	7.33E+05	2	1	12	35	5
23	2.98E+00	7.33E+05	1	1	12	44	5
16	2.98E+00	7.33E+05	1	1	12	45	5
30	2.98E+00	7.33E+05	1	1	12	46	5
18	2.98E+00	7.33E+05	1	1	12	47	5
25	3.34E+00	7.33E+05	1	1	12	48	5
28	3.34E+00	7.33E+05	1	1	12	49	5
29	3.34E+00	7.33E+05	1	1	12	50	5
19	3.34E+00	7.33E+05	1	1	12	51	5
20	3.34E+00	7.33E+05	1	1	12	52	5
21	3.34E+00	7.33E+05	1	1	12	53	5
24	3.34E+00	7.33E+05	1	1	12	54	5
26	3.34E+00	7.33E+05	1	1	12	55	5
27	3.01E+00	7.33E+05	1	1	12	60	5
31	3.01E+00	7.33E+05	1	1	12	61	5
17	3.13E+00	7.33E+05	1	1	12	62	5
15	3.13E+00	7.33E+05	1	1	12	63	5
48	3.01E+00	7.33E+05	1	1	12	64	6
52	3.01E+00	7.33E+05	1	1	12	65	6
50	3.09E+00	7.33E+05	1	1	12	66	6
46	3.09E+00	7.33E+05	1	1	12	67	6
38	3.34E+00	7.33E+05	1	1	12	72	6
41	3.34E+00	7.33E+05	1	1	12	73	6
1709	3.39E+00	7.33E+05	2	1	12	74	6
1708	3.33E+00	7.33E+05	2	1	12	75	6
42	3.25E+00	7.33E+05	1	1	12	76	6
43	3.25E+00	7.33E+05	1	1	12	77	6
47	3.25E+00	7.33E+05	1	1	12	78	6
53	2.98E+00	7.33E+05	1	1	12	79	6
37	3.15E+00	7.33E+05	1	1	12	94	6
39	3.15E+00	7.33E+05	1	1	12	95	6
36	3.46E+00	7.33E+05	1	1	12	102	6
49	3.46E+00	7.33E+05	1	1	12	103	6
44	3.43E+00	7.33E+05	1	1	12	106	6
40	3.43E+00	7.33E+05	1	1	12	107	6
45	3.52E+00	7.33E+05	1	1	12	110	6
51	3.52E+00	7.33E+05	1	1	12	111	6
35	3.56E+00	7.33E+05	1	1	12	120	6
34	3.56E+00	7.33E+05	1	1	12	121	6
56	3.58E+00	7.33E+05	1	1	12	152	7
58	3.58E+00	7.33E+05	1	1	12	153	7
57	4.02E+00	7.33E+05	1	1	12	208	7
55	4.02E+00	7.33E+05	1	1	12	209	7
54	4.26E+00	7.33E+05	1	1	12	218	7
1710	9.15E-01	7.33E+05	2	1	13	1	0
60	8.75E-01	7.33E+05	1	1	14	2	1
59	8.75E-01	7.33E+05	1	1	14	3	1
61	2.59E-01	7.33E+05	1	1	15	1	0
62	4.44E-01	7.33E+05	1	1	15	2	1
1711	1.29E+00	7.33E+05	2	1	16	3	1
64	3.61E+00	7.33E+05	1	1	16	32	5
66	3.61E+00	7.33E+05	1	1	16	33	5
65	3.61E+00	7.33E+05	1	1	16	34	5
63	3.61E+00	7.33E+05	1	1	16	35	5
67	3.96E+00	7.33E+05	1	1	16	45	5
69	3.86E+00	7.33E+05	1	1	16	66	6
68	3.84E+00	7.33E+05	1	1	16	68	6
70	3.84E+00	7.33E+05	1	1	16	69	6
75	3.79E+00	7.33E+05	1	1	16	70	6
80	3.79E+00	7.33E+05	1	1	16	71	6
76	4.22E+00	7.33E+05	1	1	16	72	6
79	4.22E+00	7.33E+05	1	1	16	73	6
78	4.22E+00	7.33E+05	1	1	16	74	6
74	4.22E+00	7.33E+05	1	1	16	75	6
1714	4.46E+00	7.33E+05	2	1	16	76	6
1713	4.35E+00	7.33E+05	2	1	16	77	6
87	4.49E+00	7.33E+05	1	1	16	80	6
85	4.49E+00	7.33E+05	1	1	16	81	6
86	4.49E+00	7.33E+05	1	1	16	82	6
88	4.49E+00	7.33E+05	1	1	16	83	6
83	4.57E+00	7.33E+05	1	1	16	84	6
84	4.57E+00	7.33E+05	1	1	16	85	6
1715	4.87E+00	7.33E+05	2	1	16	86	6
1712	4.29E+00	7.33E+05	2	1	16	87	6
72	4.31E+00	7.33E+05	1	1	16	88	6
77	4.31E+00	7.33E+05	1	1	16	89	6
82	4.49E+00	7.33E+05	1	1	16	92	6
81	4.49E+00	7.33E+05	1	1	16	93	6
73	4.31E+00	7.33E+05	1	1	16	94	6
71	4.31E+00	7.33E+05	1	1	16	95	6
95	4.57E+00	7.33E+05	1	1	16	134	7
109	4.34E+00	7.33E+05	1	1	16	140	7
108	4.34E+00	7.33E+05	1	1	16	141	7
116	4.40E+00	7.33E+05	1	1	16	142	7
89	4.40E+00	7.33E+05	1	1	16	143	7
98	4.49E+00	7.33E+05	1	1	16	146	7
97	4.49E+00	7.33E+05	1	1	16	147	7
106	4.40E+00	7.33E+05	1	1	16	150	7
105	4.40E+00	7.33E+05	1	1	16	151	7
119	4.83E+00	7.33E+05	1	1	16	156	7
1286	4.57E+00	7.33E+05	0	1	16	157	7
118	4.83E+00	7.33E+05	1	1	16	158	7
113	4.83E+00	7.33E+05	1	1	16	159	7
103	4.92E+00	7.33E+05	1	1	16	162	7
90	4.92E+00	7.33E+05	1	1	16	163	7
102	5.01E+00	7.33E+05	1	1	16	164	7
101	5.01E+00	7.33E+05	1	1	16	165	7
104	5.02E+00	7.33E+05	1	1	16	166	7
100	5.02E+00	7.33E+05	1	1	16	167	7
96	5.05E+00	7.33E+05	1	1	16	170	7
94	5.05E+00	7.33E+05	1	1	16	171	7
110	4.43E+00	7.33E+05	1	1	16	178	7
120	4.43E+00	7.33E+05	1	1	16	179	7
99	4.65E+00	7.33E+05	1	1	16	182	7
92	4.65E+00	7.33E+05	1	1	16	183	7
91	4.52E+00	7.33E+05	1	1	16	184	7
93	4.52E+00	7.33E+05	1	1	16	185	7
117	4.51E+00	7.33E+05	1	1	16	186	7
111	4.51E+00	7.33E+05	1	1	16	187	7
112	4.43E+00	7.33E+05	1	1	16	188	7
115	4.43E+00	7.33E+05	1	1	16	189	7
107	4.40E+00	7.33E+05	1	1	16	190	7
114	4.40E+00	7.33E+05	1	1	16	191	7
121	2.59E-01	7.33E+05	1	1	17	1	0
122	4.20E-01	7.33E+05	1	1	17	2	1
124	1.05E+00	7.33E+05	1	1	18	2	1
123	1.05E+00	7.33E+05	1	1	18	3	1
1717	1.40E+00	7.33E+05	2	1	19	2	1
1716	8.68E-01	7.33E+05	2	1	19	3	1
125	1.25E+00	7.33E+05	1	1	20	4	2
126	1.25E+00	7.33E+05	1	1	20	5	2
127	1.25E+00	7.33E+05	1	1	20	6	2
128	1.25E+00	7.33E+05	1	1	20	7	2
130	1.37E+00	7.33E+05	1	1	20	8	3
129	1.37E+00	7.33E+05	1	1	20	9	3
135	1.85E+00	7.33E+05	1	1	20	16	4
134	1.85E+00	7.33E+05	1	1	20	17	4
136	2.02E+00	7.33E+05	1	1	20	24	4
133	2.02E+00	7.33E+05	1	1	20	25	4
132	2.19E+00	7.33E+05	1	1	20	28	4
131	2.19E+00	7.33E+05	1	1	20	29	4
1718	8.42E-01	7.33E+05	2	1	21	2	1
137	1.10E+00	7.33E+05	1	1	21	3	1
1719	2.93E+00	7.33E+05	2	1	22	9	3
138	3.14E+00	7.33E+05	1	1	22	16	4
141	3.14E+00	7.33E+05	1	1	22	17	4
1287	3.74E+00	7.33E+05	0	1	22	20	4
139	2.88E+00	7.33E+05	1	1	22	26	4
142	2.88E+00	7.33E+05	1	1	22	27	4
145	3.14E+00	7.33E+05	1	1	22	28	4
143	2.88E+00	7.33E+05	1	1	22	29	4
140	3.14E+00	7.33E+05	1	1	22	30	4
144	3.14E+00	7.33E+05	1	1	22	31	4
149	3.52E+00	7.33E+05	1	1	22	34	5
161	3.52E+00	7.33E+05	1	1	22	35	5
153	3.86E+00	7.33E+05	1	1	22	42	5
150	3.86E+00	7.33E+05	1	1	22	43	5
160	3.77E+00	7.33E+05	1	1	22	44	5
165	3.77E+00	7.33E+05	1	1	22	45	5
151	3.77E+00	7.33E+05	1	1	22	46	5
164	3.77E+00	7.33E+05	1	1	22	47	5
146	3.33E+00	7.33E+05	1	1	22	48	5
166	3.33E+00	7.33E+05	1	1	22	49	5
163	3.33E+00	7.33E+05	1	1	22	50	5
159	3.33E+00	7.33E+05	1	1	22	51	5
155	3.18E+00	7.33E+05	1	1	22	52	5
148	3.18E+00	7.33E+05	1	1	22	53	5
152	3.21E+00	7.33E+05	1	1	22	54	5
167	3.21E+00	7.33E+05	1	1	22	55	5
157	3.22E+00	7.33E+05	1	1	22	58	5
154	3.22E+00	7.33E+05	1	1	22	59	5
162	3.24E+00	7.33E+05	1	1	22	60	5
156	3.24E+00	7.33E+05	1	1	22	61	5
158	3.27E+00	7.33E+05	1	1	22	62	5
147	3.27E+00	7.33E+05	1	1	22	63	5
168	3.85E+00	7.33E+05	1	1	22	116	6
169	3.85E+00	7.33E+05	1	1	22	117	6
171	4.02E+00	7.33E+05	1	1	22	120	6
170	4.02E+00	7.33E+05	1	1	22	121	6
173	3.87E+00	7.33E+05	1	1	22	122	6
172	3.87E+00	7.33E+05	1	1	22	123	6
176	1.26E+00	7.33E+05	1	1	23	4	2
177	1.26E+00	7.33E+05	1	1	23	5	2
174	1.26E+00	7.33E+05	1	1	23	6	2
175	1.26E+00	7.33E+05	1	1	23	7	2
180	2.12E+00	7.33E+05	1	1	23	16	4
178	2.12E+00	7.33E+05	1	1	23	17	4
184	2.04E+00	7.33E+05	1	1	23	18	4
183	2.04E+00	7.33E+05	1	1	23	19	4
182	1.84E+00	7.33E+05	1	1	23	26	4
181	1.97E+00	7.33E+05	1	1	23	28	4
179	1.97E+00	7.33E+05	1	1	23	29	4
1720	1.31E+00	7.33E+05	2	1	24	3	1
187	2.98E+00	7.33E+05	1	1	24	16	4
188	2.98E+00	7.33E+05	1	1	24	17	4
189	2.98E+00	7.33E+05	1	1	24	18	4
185	2.98E+00	7.33E+05	1	1	24	19	4
186	2.98E+00	7.33E+05	1	1	24	22	4
190	4.65E-01	7.33E+05	1	1	25	1	0
192	6.41E-01	7.33E+05	1	1	26	2	1
191	6.41E-01	7.33E+05	1	1	26	3	1
193	8.16E-01	7.33E+05	1	1	27	1	0
194	1.17E-01	7.33E+05	1	1	28	1	0
1721	1.05E+00	7.33E+05	2	1	29	2	1
1722	1.27E+00	7.33E+05	2	1	29	3	1
195	2.02E-01	7.33E+05	1	1	30	1	0
1723	7.34E-01	7.33E+05	2	1	31	1	0
196	1.16E+00	7.33E+05	1	1	32	2	1
197	1.16E+00	7.33E+05	1	1	32	3	1
199	6.15E-01	7.33E+05	1	1	33	2	1
198	6.15E-01	7.33E+05	1	1	33	3	1
200	1.84E-01	7.33E+05	1	1	34	1	0
201	7.98E-01	7.33E+05	1	1	35	3	1
203	9.72E-01	7.33E+05	1	1	35	4	2
202	9.72E-01	7.33E+05	1	1	35	5	2
1724	8.91E-01	7.33E+05	2	1	36	1	0
1726	1.28E+00	7.33E+05	2	1	37	2	1
1725	9.80E-01	7.33E+05	2	1	37	3	1
204	2.80E-01	7.33E+05	1	1	38	1	0
1728	7.74E-01	7.33E+05	2	1	39	2	1
1727	5.38E-01	7.33E+05	2	1	39	3	1
205	1.24E+00	7.33E+05	1	1	40	2	1
206	1.69E+00	7.33E+05	1	1	40	3	1
1730	1.09E+00	7.33E+05	2	1	41	2	1
1729	9.94E-01	7.33E+05	2	1	41	3	1
1732	8.68E-01	7.33E+05	2	1	42	2	1
1731	8.21E-01	7.33E+05	2	1	42	3	1
1733	1.09E+00	7.33E+05	2	1	43	2	1
1734	1.16E+00	7.33E+05	2	1	43	3	1
207	9.32E-01	7.33E+05	1	1	44	1	0
1288	8.72E-01	7.33E+05	0	1	45	2	1
1735	1.18E+00	7.33E+05	2	1	45	6	2
1736	1.22E+00	7.33E+05	2	1	45	7	2
208	1.30E+00	7.33E+05	1	1	46	1	0
210	8.76E-01	7.33E+05	1	1	47	2	1
209	1.17E+00	7.33E+05	1	1	47	3	1
212	3.66E-01	7.33E+05	1	1	48	2	1
211	3.66E-01	7.33E+05	1	1	48	3	1
1737	1.56E+00	7.33E+05	2	1	49	2	1
213	1.30E+00	7.33E+05	1	1	49	3	1
214	1.58E+00	7.33E+05	1	1	50	4	2
215	1.58E+00	7.33E+05	1	1	50	5	2
217	1.75E+00	7.33E+05	1	1	50	12	3
219	1.64E+00	7.33E+05	1	1	50	13	3
218	1.83E+00	7.33E+05	1	1	50	14	3
216	1.58E+00	7.33E+05	1	1	50	15	3
1289	8.97E-01	7.33E+05	0	1	51	2	1
220	9.38E-01	7.33E+05	1	1	51	3	1
222	6.52E-01	7.33E+05	1	1	52	2	1
221	6.52E-01	7.33E+05	1	1	52	3	1
224	1.56E+00	7.33E+05	1	1	53	2	1
223	1.56E+00	7.33E+05	1	1	53	3	1
1738	1.99E+00	7.33E+05	2	1	54	2	1
1739	2.03E+00	7.33E+05	2	1	54	3	1
225	1.39E+00	7.33E+05	1	1	55	2	1
226	1.43E+00	7.33E+05	1	1	55	3	1
228	8.88E-01	7.33E+05	1	1	56	2	1
227	8.90E-01	7.33E+05	1	1	56	3	1
229	9.86E-01	7.33E+05	1	1	57	3	1
231	1.81E+00	7.33E+05	1	1	57	4	2
230	1.71E+00	7.33E+05	1	1	57	5	2
233	1.31E+00	7.33E+05	1	1	58	2	1
232	8.17E-01	7.33E+05	1	1	58	3	1
235	8.20E-01	7.33E+05	1	1	59	2	1
234	8.82E-01	7.33E+05	1	1	59	3	1
236	8.75E-01	7.33E+05	1	1	60	1	0
237	6.29E-01	7.33E+05	1	1	61	2	1
238	6.29E-01	7.33E+05	1	1	61	3	1
239	6.29E-01	7.33E+05	1	1	62	1	0
240	6.29E-01	7.33E+05	1	1	63	1	0
241	6.29E-01	7.33E+05	1	1	64	1	0
1740	6.85E-01	7.33E+05	2	1	65	1	0
243	1.23E+00	7.33E+05	1	1	66	2	1
242	1.39E+00	7.33E+05	1	1	66	3	1
245	6.29E-01	7.33E+05	1	1	67	2	1
244	6.29E-01	7.33E+05	1	1	67	3	1
247	6.29E-01	7.33E+05	1	1	68	2	1
246	6.29E-01	7.33E+05	1	1	68	3	1
248	1.46E+00	7.33E+05	1	1	69	2	1
249	1.46E+00	7.33E+05	1	1	69	3	1
1290	2.04E+00	7.33E+05	0	1	70	2	1
1741	3.39E+00	7.33E+05	2	1	70	7	2
1742	6.58E+00	7.33E+05	2	1	70	208	7
1291	6.36E+00	7.33E+05	0	1	70	209	7
1743	6.69E-01	7.33E+05	2	1	71	1	0
250	1.06E+00	7.33E+05	1	1	72	2	1
251	1.06E+00	7.33E+05	1	1	72	3	1
253	1.13E+00	7.33E+05	1	1	73	2	1
252	6.25E-01	7.33E+05	1	1	73	3	1
254	1.64E+00	7.33E+05	1	1	74	2	1
255	1.50E+00	7.33E+05	1	1	74	3	1
1744	7.92E-01	7.33E+05	2	1	75	1	0
1745	1.39E+00	7.33E+05	2	1	76	1	0
256	2.02E+00	7.33E+05	1	1	77	1	0
257	1.54E+00	7.33E+05	1	1	78	1	0
258	1.44E+00	7.33E+05	1	1	79	2	1
259	1.13E+00	7.33E+05	1	1	79	3	1
260	2.04E+00	7.33E+05	1	1	80	2	1
1748	3.18E+00	7.33E+05	2	1	80	12	3
1747	3.15E+00	7.33E+05	2	1	80	13	3
1746	3.12E+00	7.33E+05	2	1	80	14	3
1749	3.19E+00	7.33E+05	2	1	80	15	3
1750	6.12E-01	7.33E+05	2	1	81	1	0
262	6.25E-01	7.33E+05	1	1	82	2	1
261	3.69E-01	7.33E+05	1	1	82	3	1
263	2.10E+00	7.33E+05	1	1	83	15	3
270	2.41E+00	7.33E+05	1	1	83	16	4
267	2.49E+00	7.33E+05	1	1	83	17	4
266	2.49E+00	7.33E+05	1	1	83	18	4
264	2.38E+00	7.33E+05	1	1	83	19	4
268	2.27E+00	7.33E+05	1	1	83	20	4
265	2.34E+00	7.33E+05	1	1	83	21	4
271	2.29E+00	7.33E+05	1	1	83	22	4
273	2.04E+00	7.33E+05	1	1	83	23	4
274	2.11E+00	7.33E+05	1	1	83	24	4
275	2.15E+00	7.33E+05	1	1	83	25	4
269	2.16E+00	7.33E+05	1	1	83	26	4
272	2.16E+00	7.33E+05	1	1	83	27	4
276	2.46E+00	7.33E+05	1	1	83	28	4
277	2.22E+00	7.33E+05	1	1	83	29	4
1751	1.02E+00	7.33E+05	2	1	84	2	1
1753	1.68E+00	7.33E+05	2	1	84	6	2
1752	1.34E+00	7.33E+05	2	1	84	7	2
278	1.05E+00	7.33E+05	1	1	85	2	1
279	1.05E+00	7.33E+05	1	1	85	3	1
1754	8.99E-01	7.33E+05	2	1	87	1	0
1755	8.26E-01	7.33E+05	2	1	88	2	1
1756	8.31E-01	7.33E+05	2	1	88	3	1
280	7.94E-01	7.33E+05	1	1	89	2	1
281	7.94E-01	7.33E+05	1	1	89	3	1
1757	7.98E-01	7.33E+05	2	1	90	1	0
1758	8.26E-01	7.33E+05	2	1	91	1	0
282	6.25E-01	7.33E+05	1	1	92	2	1
283	6.25E-01	7.33E+05	1	1	92	3	1
1759	1.13E-01	7.33E+05	2	1	93	1	0
284	1.04E+00	7.33E+05	1	1	94	2	1
1760	9.39E-01	7.33E+05	2	1	94	3	1
285	6.22E-01	7.33E+05	1	1	95	1	0
286	6.29E-01	7.33E+05	1	1	96	1	0
287	2.07E+00	7.33E+05	1	1	97	2	1
288	2.25E+00	7.33E+05	1	1	97	3	1
289	9.62E-01	7.33E+05	1	1	98	2	1
290	9.62E-01	7.33E+05	1	1	98	3	1
292	1.05E+00	7.33E+05	1	1	99	2	1
291	1.05E+00	7.33E+05	1	1	99	3	1
1761	6.12E-01	7.33E+05	2	1	100	1	0
293	1.14E+00	7.33E+05	1	1	101	2	1
294	2.79E+00	7.33E+05	1	1	101	26	4
295	2.89E+00	7.33E+05	1	1	101	28	4
1763	3.11E+00	7.33E+05	2	1	101	29	4
1764	3.13E+00	7.33E+05	2	1	101	30	4
1762	3.09E+00	7.33E+05	2	1	101	31	4
296	8.78E-01	7.33E+05	1	1	102	2	1
297	7.09E-01	7.33E+05	1	1	102	3	1
298	6.25E-01	7.33E+05	1	1	103	2	1
299	8.86E-01	7.33E+05	1	1	103	3	1
301	9.70E-01	7.33E+05	1	1	104	2	1
300	9.70E-01	7.33E+05	1	1	104	3	1
302	1.98E+00	7.33E+05	1	1	105	1	0
304	2.02E+00	7.33E+05	1	1	106	2	1
303	2.08E+00	7.33E+05	1	1	106	3	1
305	3.27E+00	7.33E+05	1	1	106	7	2
306	6.25E-01	7.33E+05	1	1	107	2	1
307	6.25E-01	7.33E+05	1	1	107	3	1
308	1.32E+00	7.33E+05	1	1	108	1	0
309	1.38E+00	7.33E+05	1	1	109	1	0
310	8.86E-01	7.33E+05	1	1	110	2	1
1765	1.41E+00	7.33E+05	2	1	110	3	1
311	1.30E+00	7.33E+05	1	1	111	2	1
1766	1.23E+00	7.33E+05	2	1	111	3	1
1767	1.19E+00	7.33E+05	2	1	112	1	0
312	2.36E+00	7.33E+05	1	1	113	2	1
313	3.02E+00	7.33E+05	1	1	113	6	2
1768	3.54E+00	7.33E+05	2	1	113	14	3
314	3.77E+00	7.33E+05	1	1	113	15	3
1769	8.54E-01	7.33E+05	2	1	114	1	0
315	6.29E-01	7.33E+05	1	1	115	1	0
317	7.09E-01	7.33E+05	1	1	116	2	1
316	7.94E-01	7.33E+05	1	1	116	3	1
318	1.56E+00	7.33E+05	1	1	117	1	0
319	3.80E+00	7.33E+05	1	1	117	4	2
320	6.29E-01	7.33E+05	1	1	118	1	0
322	1.13E+00	7.33E+05	1	1	119	2	1
321	1.13E+00	7.33E+05	1	1	119	3	1
324	8.78E-01	7.33E+05	1	1	120	2	1
323	7.98E-01	7.33E+05	1	1	120	3	1
1770	2.99E+00	7.33E+05	2	1	121	1	0
326	8.02E-01	7.33E+05	1	1	122	2	1
325	9.79E-01	7.33E+05	1	1	122	3	1
327	6.29E-01	7.33E+05	1	1	123	1	0
328	3.73E-01	7.33E+05	1	1	124	1	0
329	5.37E-01	7.33E+05	1	1	125	2	1
330	5.37E-01	7.33E+05	1	1	125	3	1
331	1.54E+00	7.33E+05	1	1	126	4	2
332	1.52E+00	7.33E+05	1	1	126	5	2
335	1.75E+00	7.33E+05	1	1	126	12	3
336	1.70E+00	7.33E+05	1	1	126	13	3
333	1.73E+00	7.33E+05	1	1	126	14	3
334	1.77E+00	7.33E+05	1	1	126	15	3
337	9.44E-01	7.33E+05	1	1	127	2	1
338	8.42E-01	7.33E+05	1	1	127	3	1
339	1.98E+00	7.33E+05	1	1	127	8	3
340	1.38E+00	7.33E+05	1	1	128	2	1
341	1.40E+00	7.33E+05	1	1	128	3	1
342	1.88E+00	7.33E+05	1	1	128	5	2
347	2.19E+00	7.33E+05	1	1	129	16	4
351	2.21E+00	7.33E+05	1	1	129	18	4
353	2.23E+00	7.33E+05	1	1	129	19	4
349	2.04E+00	7.33E+05	1	1	129	20	4
350	2.08E+00	7.33E+05	1	1	129	21	4
355	2.29E+00	7.33E+05	1	1	129	22	4
356	2.10E+00	7.33E+05	1	1	129	23	4
343	1.91E+00	7.33E+05	1	1	129	24	4
344	1.89E+00	7.33E+05	1	1	129	25	4
345	2.13E+00	7.33E+05	1	1	129	26	4
346	2.10E+00	7.33E+05	1	1	129	27	4
352	2.16E+00	7.33E+05	1	1	129	28	4
354	2.23E+00	7.33E+05	1	1	129	29	4
357	2.25E+00	7.33E+05	1	1	129	30	4
348	2.25E+00	7.33E+05	1	1	129	31	4
358	2.26E+00	7.33E+05	1	1	129	34	5
359	2.40E+00	7.33E+05	1	1	129	35	5
360	1.48E+00	7.33E+05	1	1	130	2	1
361	1.40E+00	7.33E+05	1	1	130	7	2
1771	2.83E+00	7.33E+05	2	1	130	24	4
1773	3.56E+00	7.33E+05	2	1	130	25	4
1774	6.91E+00	7.33E+05	2	1	130	26	4
1772	3.02E+00	7.33E+05	2	1	130	27	4
362	1.04E+00	7.33E+05	1	1	131	2	1
363	1.44E+00	7.33E+05	1	1	131	3	1
364	7.25E-01	7.33E+05	1	1	132	2	1
365	6.91E-01	7.33E+05	1	1	132	3	1
366	7.92E-01	7.33E+05	1	1	133	1	0
367	4.23E-01	7.33E+05	1	1	134	2	1
368	6.69E-01	7.33E+05	1	1	134	3	1
369	6.24E-01	7.33E+05	1	1	135	1	0
370	5.95E-01	7.33E+05	1	1	136	1	0
371	6.52E-01	7.33E+05	1	1	137	1	0
373	8.54E-01	7.33E+05	1	1	138	2	1
372	7.02E-01	7.33E+05	1	1	138	3	1
1775	9.61E-01	7.33E+05	2	1	139	2	1
1776	1.09E+00	7.33E+05	2	1	139	3	1
1777	1.12E+00	7.33E+05	2	1	140	2	1
1778	1.15E+00	7.33E+05	2	1	140	3	1
376	1.55E+00	7.33E+05	1	1	141	4	2
1779	1.42E+00	7.33E+05	2	1	141	5	2
375	1.52E+00	7.33E+05	1	1	141	6	2
374	1.47E+00	7.33E+05	1	1	141	7	2
377	8.93E-01	7.33E+05	1	1	142	2	1
378	1.11E+00	7.33E+05	1	1	142	3	1
380	1.04E+00	7.33E+05	1	1	143	2	1
379	1.01E+00	7.33E+05	1	1	143	3	1
381	1.02E+00	7.33E+05	1	1	144	2	1
382	9.78E-01	7.33E+05	1	1	144	3	1
1780	2.97E-01	7.33E+05	2	1	145	2	1
1781	3.11E-01	7.33E+05	2	1	145	3	1
1782	9.61E-01	7.33E+05	2	1	146	1	0
383	6.29E-01	7.33E+05	1	1	147	2	1
384	6.29E-01	7.33E+05	1	1	147	3	1
385	8.10E-01	7.33E+05	1	1	148	3	1
387	1.05E+00	7.33E+05	1	1	148	4	2
386	1.05E+00	7.33E+05	1	1	148	5	2
388	1.07E+00	7.33E+05	1	1	149	1	0
389	5.04E+00	7.33E+05	1	1	150	5	2
392	5.49E+00	7.33E+05	1	1	150	8	3
394	5.55E+00	7.33E+05	1	1	150	9	3
393	5.23E+00	7.33E+05	1	1	150	12	3
395	5.52E+00	7.33E+05	1	1	150	13	3
391	5.35E+00	7.33E+05	1	1	150	14	3
390	5.57E+00	7.33E+05	1	1	150	15	3
1783	9.46E-01	7.33E+05	2	1	151	1	0
1784	1.02E+00	7.33E+05	2	1	152	1	0
397	6.25E-01	7.33E+05	1	1	153	2	1
396	8.90E-01	7.33E+05	1	1	153	3	1
1785	4.66E-01	7.33E+05	2	1	154	2	1
1786	4.73E-01	7.33E+05	2	1	154	3	1
398	1.98E+00	7.33E+05	1	1	155	10	3
399	2.08E+00	7.33E+05	1	1	155	15	3
403	2.14E+00	7.33E+05	1	1	155	16	4
406	2.42E+00	7.33E+05	1	1	155	17	4
402	2.33E+00	7.33E+05	1	1	155	18	4
400	2.14E+00	7.33E+05	1	1	155	23	4
401	2.50E+00	7.33E+05	1	1	155	24	4
404	2.10E+00	7.33E+05	1	1	155	26	4
405	2.14E+00	7.33E+05	1	1	155	27	4
408	2.37E+00	7.33E+05	1	1	155	28	4
407	2.37E+00	7.33E+05	1	1	155	29	4
409	2.63E+00	7.33E+05	1	1	155	38	5
410	6.29E-01	7.33E+05	1	1	156	2	1
1788	7.88E-01	7.33E+05	2	1	156	6	2
1787	7.25E-01	7.33E+05	2	1	156	7	2
1789	7.78E-01	7.33E+05	2	1	157	2	1
1790	8.13E-01	7.33E+05	2	1	157	3	1
1791	1.30E+00	7.33E+05	2	1	158	2	1
411	1.71E+00	7.33E+05	1	1	158	3	1
412	5.43E-01	7.33E+05	1	1	159	1	0
414	7.94E-01	7.33E+05	1	1	160	2	1
413	7.94E-01	7.33E+05	1	1	160	3	1
415	1.32E+00	7.33E+05	1	1	161	2	1
416	1.14E+00	7.33E+05	1	1	161	3	1
1792	1.09E+00	7.33E+05	2	1	162	2	1
417	1.22E+00	7.33E+05	1	1	162	3	1
1793	6.31E-01	7.33E+05	2	1	163	1	0
418	1.14E+00	7.33E+05	1	1	164	1	0
419	2.90E-01	7.33E+05	1	1	165	1	0
420	5.43E-01	7.33E+05	1	1	166	1	0
421	6.24E-01	7.33E+05	1	1	167	1	0
1292	2.14E+00	7.33E+05	0	1	168	2	1
1293	2.14E+00	7.33E+05	0	1	168	3	1
422	6.29E-01	7.33E+05	1	1	169	2	1
423	6.29E-01	7.33E+05	1	1	169	3	1
1794	3.21E+00	7.33E+05	2	1	170	8	3
1797	3.29E+00	7.33E+05	2	1	170	10	3
1795	3.21E+00	7.33E+05	2	1	170	11	3
1796	3.22E+00	7.33E+05	2	1	170	13	3
1800	4.09E+00	7.33E+05	2	1	170	24	4
425	3.78E+00	7.33E+05	1	1	170	28	4
424	3.95E+00	7.33E+05	1	1	170	29	4
1799	3.78E+00	7.33E+05	2	1	170	30	4
1798	3.77E+00	7.33E+05	2	1	170	31	4
431	4.61E+00	7.33E+05	1	1	170	36	5
427	5.02E+00	7.33E+05	1	1	170	37	5
430	4.88E+00	7.33E+05	1	1	170	38	5
432	5.01E+00	7.33E+05	1	1	170	39	5
428	4.70E+00	7.33E+05	1	1	170	50	5
429	4.80E+00	7.33E+05	1	1	170	51	5
426	4.16E+00	7.33E+05	1	1	170	59	5
1802	1.08E+00	7.33E+05	2	1	171	2	1
1801	9.89E-01	7.33E+05	2	1	171	3	1
436	1.81E+00	7.33E+05	1	1	172	4	2
435	1.81E+00	7.33E+05	1	1	172	5	2
433	1.56E+00	7.33E+05	1	1	172	6	2
434	1.56E+00	7.33E+05	1	1	172	7	2
438	3.77E-01	7.33E+05	1	1	173	2	1
437	3.77E-01	7.33E+05	1	1	173	3	1
1803	6.73E-01	7.33E+05	2	1	174	2	1
1804	7.22E-01	7.33E+05	2	1	174	3	1
1805	8.62E-01	7.33E+05	2	1	175	1	0
439	1.60E+00	7.33E+05	1	1	176	2	1
440	1.60E+00	7.33E+05	1	1	176	3	1
1814	3.16E+00	7.33E+05	2	1	177	17	4
1813	3.17E+00	7.33E+05	2	1	177	18	4
1810	3.15E+00	7.33E+05	2	1	177	23	4
1812	3.17E+00	7.33E+05	2	1	177	24	4
1811	3.15E+00	7.33E+05	2	1	177	26	4
1807	3.12E+00	7.33E+05	2	1	177	28	4
1809	3.13E+00	7.33E+05	2	1	177	29	4
1806	3.13E+00	7.33E+05	2	1	177	30	4
1808	3.14E+00	7.33E+05	2	1	177	31	4
445	3.47E+00	7.33E+05	1	1	177	32	5
1817	3.25E+00	7.33E+05	2	1	177	33	5
1815	3.15E+00	7.33E+05	2	1	177	38	5
1818	3.42E+00	7.33E+05	2	1	177	39	5
1816	3.11E+00	7.33E+05	2	1	177	40	5
443	3.46E+00	7.33E+05	1	1	177	42	5
444	3.70E+00	7.33E+05	1	1	177	43	5
441	3.33E+00	7.33E+05	1	1	177	44	5
1294	3.58E+00	7.33E+05	0	1	177	45	5
442	3.32E+00	7.33E+05	1	1	177	50	5
1819	3.77E+00	7.33E+05	2	1	177	51	5
1295	5.41E+00	7.33E+05	0	1	177	54	5
446	1.05E+00	7.33E+05	1	1	178	1	0
447	8.83E-01	7.33E+05	1	1	179	1	0
448	2.73E+00	7.33E+05	1	1	180	30	4
1820	1.09E+00	7.33E+05	2	1	181	1	0
1821	6.87E-01	7.33E+05	2	1	182	1	0
449	8.90E-01	7.33E+05	1	1	183	2	1
450	8.82E-01	7.33E+05	1	1	183	3	1
452	1.98E+00	7.33E+05	1	1	184	4	2
451	1.98E+00	7.33E+05	1	1	184	5	2
453	2.06E+00	7.33E+05	1	1	184	6	2
454	2.15E+00	7.33E+05	1	1	184	10	3
1296	5.44E+00	7.33E+05	0	1	184	14	3
1822	3.93E+00	7.33E+05	2	1	184	15	3
1823	1.51E+00	7.33E+05	2	1	185	2	1
1297	5.04E+00	7.33E+05	0	1	185	6	2
1298	5.04E+00	7.33E+05	0	1	185	7	2
455	2.62E-01	7.33E+05	1	1	186	1	0
456	2.99E-01	7.33E+05	1	1	187	1	0
1300	9.31E-01	7.33E+05	0	1	188	4	2
1299	8.96E-01	7.33E+05	0	1	188	5	2
1301	9.18E-01	7.33E+05	0	1	189	3	1
457	1.61E+00	7.33E+05	1	1	189	9	3
1302	1.34E+00	7.33E+05	0	1	189	10	3
1303	1.34E+00	7.33E+05	0	1	189	11	3
1304	1.81E+00	7.33E+05	0	1	189	16	4
1305	2.01E+00	7.33E+05	0	1	189	17	4
458	1.70E+00	7.33E+05	1	1	189	19	4
1307	1.23E+00	7.33E+05	0	1	190	4	2
1306	1.21E+00	7.33E+05	0	1	190	5	2
1308	1.36E+00	7.33E+05	0	1	190	7	2
1309	1.82E+00	7.33E+05	0	1	190	13	3
1310	2.10E+00	7.33E+05	0	1	190	24	4
1311	2.54E+00	7.33E+05	0	1	190	50	5
459	2.80E+00	7.33E+05	1	1	190	51	5
462	7.23E-01	7.33E+05	1	1	191	4	2
463	7.23E-01	7.33E+05	1	1	191	5	2
461	7.23E-01	7.33E+05	1	1	191	6	2
460	7.23E-01	7.33E+05	1	1	191	7	2
466	1.56E+00	7.33E+05	1	1	192	16	4
478	1.91E+00	7.33E+05	1	1	192	18	4
477	1.76E+00	7.33E+05	1	1	192	19	4
473	1.44E+00	7.33E+05	1	1	192	20	4
474	1.44E+00	7.33E+05	1	1	192	21	4
476	1.44E+00	7.33E+05	1	1	192	22	4
471	1.44E+00	7.33E+05	1	1	192	23	4
465	1.60E+00	7.33E+05	1	1	192	24	4
475	1.60E+00	7.33E+05	1	1	192	25	4
464	1.74E+00	7.33E+05	1	1	192	26	4
472	1.44E+00	7.33E+05	1	1	192	27	4
469	1.60E+00	7.33E+05	1	1	192	28	4
467	1.60E+00	7.33E+05	1	1	192	29	4
468	1.44E+00	7.33E+05	1	1	192	30	4
470	1.44E+00	7.33E+05	1	1	192	31	4
479	2.05E+00	7.33E+05	1	1	192	34	5
480	2.05E+00	7.33E+05	1	1	192	35	5
491	1.78E+00	7.33E+05	1	1	193	16	4
489	1.59E+00	7.33E+05	1	1	193	17	4
492	1.58E+00	7.33E+05	1	1	193	18	4
490	1.58E+00	7.33E+05	1	1	193	19	4
494	1.58E+00	7.33E+05	1	1	193	20	4
493	1.58E+00	7.33E+05	1	1	193	21	4
496	1.59E+00	7.33E+05	1	1	193	22	4
488	1.74E+00	7.33E+05	1	1	193	23	4
483	1.57E+00	7.33E+05	1	1	193	24	4
495	1.58E+00	7.33E+05	1	1	193	25	4
484	1.58E+00	7.33E+05	1	1	193	26	4
481	1.44E+00	7.33E+05	1	1	193	27	4
486	1.60E+00	7.33E+05	1	1	193	28	4
487	1.59E+00	7.33E+05	1	1	193	29	4
482	1.59E+00	7.33E+05	1	1	193	30	4
485	1.60E+00	7.33E+05	1	1	193	31	4
498	7.18E-01	7.33E+05	1	1	194	2	1
497	7.23E-01	7.33E+05	1	1	194	3	1
500	2.67E-01	7.33E+05	1	1	195	2	1
499	2.97E-01	7.33E+05	1	1	195	3	1
502	7.10E-01	7.33E+05	1	1	196	2	1
501	6.81E-01	7.33E+05	1	1	196	3	1
503	7.13E-01	7.33E+05	1	1	197	2	1
504	7.13E-01	7.33E+05	1	1	197	3	1
1312	3.39E-01	7.33E+05	0	1	198	2	1
1313	3.44E-01	7.33E+05	0	1	198	3	1
506	1.80E+00	7.33E+05	1	1	199	12	3
508	1.80E+00	7.33E+05	1	1	199	13	3
507	1.79E+00	7.33E+05	1	1	199	14	3
505	1.80E+00	7.33E+05	1	1	199	15	3
512	1.95E+00	7.33E+05	1	1	199	16	4
511	1.95E+00	7.33E+05	1	1	199	17	4
1316	2.42E+00	7.33E+05	0	1	199	18	4
1315	2.11E+00	7.33E+05	0	1	199	19	4
513	1.95E+00	7.33E+05	1	1	199	20	4
510	1.95E+00	7.33E+05	1	1	199	21	4
509	1.94E+00	7.33E+05	1	1	199	22	4
1314	1.99E+00	7.33E+05	0	1	199	23	4
514	9.01E-01	7.33E+05	1	1	200	2	1
515	1.06E+00	7.33E+05	1	1	200	6	2
516	1.05E+00	7.33E+05	1	1	200	7	2
1317	1.58E+00	7.33E+05	0	1	201	2	1
1318	1.97E+00	7.33E+05	0	1	201	6	2
1319	1.98E+00	7.33E+05	0	1	201	7	2
517	1.92E+00	7.33E+05	1	1	202	4	2
518	2.07E+00	7.33E+05	1	1	202	5	2
1321	2.62E+00	7.33E+05	0	1	202	6	2
1320	2.43E+00	7.33E+05	0	1	202	7	2
520	5.62E-01	7.33E+05	1	1	203	2	1
519	7.10E-01	7.33E+05	1	1	203	3	1
522	5.69E-01	7.33E+05	1	1	204	2	1
521	7.10E-01	7.33E+05	1	1	204	3	1
523	1.38E+00	7.33E+05	1	1	205	8	3
529	1.38E+00	7.33E+05	1	1	205	9	3
528	1.38E+00	7.33E+05	1	1	205	10	3
526	1.38E+00	7.33E+05	1	1	205	11	3
524	1.38E+00	7.33E+05	1	1	205	12	3
525	1.54E+00	7.33E+05	1	1	205	14	3
527	1.54E+00	7.33E+05	1	1	205	15	3
1322	1.55E+00	7.33E+05	0	1	205	26	4
1324	2.13E+00	7.33E+05	0	1	205	54	5
1323	2.06E+00	7.33E+05	0	1	205	55	5
535	1.38E+00	7.33E+05	1	1	206	8	3
537	1.38E+00	7.33E+05	1	1	206	9	3
532	1.38E+00	7.33E+05	1	1	206	10	3
531	1.38E+00	7.33E+05	1	1	206	11	3
530	1.38E+00	7.33E+05	1	1	206	12	3
536	1.38E+00	7.33E+05	1	1	206	13	3
534	1.38E+00	7.33E+05	1	1	206	14	3
533	1.38E+00	7.33E+05	1	1	206	15	3
539	6.59E-01	7.33E+05	1	1	207	4	2
538	6.59E-01	7.33E+05	1	1	207	6	2
540	6.59E-01	7.33E+05	1	1	207	7	2
1327	1.36E+00	7.33E+05	0	1	207	21	4
1326	1.25E+00	7.33E+05	0	1	207	22	4
1325	1.24E+00	7.33E+05	0	1	207	23	4
1824	1.69E+00	7.33E+05	2	1	207	40	5
1328	1.97E+00	7.33E+05	0	1	207	41	5
542	6.59E-01	7.33E+05	1	1	208	6	2
541	6.59E-01	7.33E+05	1	1	208	7	2
546	8.07E-01	7.33E+05	1	1	208	8	3
545	8.07E-01	7.33E+05	1	1	208	9	3
544	9.55E-01	7.33E+05	1	1	208	10	3
543	8.07E-01	7.33E+05	1	1	208	11	3
548	8.91E-01	7.33E+05	1	1	209	5	2
547	8.91E-01	7.33E+05	1	1	209	6	2
549	1.48E+00	7.33E+05	1	1	209	8	3
552	1.20E+00	7.33E+05	1	1	209	9	3
550	1.35E+00	7.33E+05	1	1	209	14	3
551	1.35E+00	7.33E+05	1	1	209	15	3
554	8.71E-01	7.33E+05	1	1	210	4	2
553	8.74E-01	7.33E+05	1	1	210	5	2
558	1.18E+00	7.33E+05	1	1	210	12	3
557	1.18E+00	7.33E+05	1	1	210	13	3
556	1.18E+00	7.33E+05	1	1	210	14	3
555	1.18E+00	7.33E+05	1	1	210	15	3
559	1.57E+00	7.33E+05	1	1	210	20	4
560	3.82E-01	7.33E+05	1	1	211	3	1
561	5.33E-01	7.33E+05	1	1	211	4	2
562	5.30E-01	7.33E+05	1	1	211	5	2
563	3.56E-01	7.33E+05	1	1	212	2	1
564	3.56E-01	7.33E+05	1	1	212	3	1
567	1.02E+00	7.33E+05	1	1	212	8	3
565	8.43E-01	7.33E+05	1	1	212	12	3
566	8.11E-01	7.33E+05	1	1	212	14	3
1329	6.23E-01	7.33E+05	0	1	213	4	2
1330	8.55E-01	7.33E+05	0	1	213	5	2
1333	1.57E+00	7.33E+05	0	1	213	28	4
1331	1.56E+00	7.33E+05	0	1	213	29	4
1332	1.58E+00	7.33E+05	0	1	213	30	4
1334	1.59E+00	7.33E+05	0	1	213	31	4
569	1.26E-01	7.33E+05	1	1	214	2	1
568	1.26E-01	7.33E+05	1	1	214	3	1
1336	1.95E-01	7.33E+05	0	1	215	2	1
1335	1.85E-01	7.33E+05	0	1	215	3	1
570	2.86E-01	7.33E+05	1	1	216	1	0
1337	7.13E-01	7.33E+05	0	1	217	2	1
1338	7.40E-01	7.33E+05	0	1	217	3	1
1339	8.98E-01	7.33E+05	0	1	218	4	2
1340	1.05E+00	7.33E+05	0	1	218	6	2
1341	1.06E+00	7.33E+05	0	1	218	7	2
571	1.89E+00	7.33E+05	1	1	218	20	4
573	1.89E+00	7.33E+05	1	1	218	21	4
572	1.89E+00	7.33E+05	1	1	218	23	4
574	2.19E+00	7.33E+05	1	1	218	44	5
575	2.19E+00	7.33E+05	1	1	218	45	5
1342	1.04E+00	7.33E+05	0	1	219	6	2
1343	1.24E+00	7.33E+05	0	1	219	10	3
1344	1.24E+00	7.33E+05	0	1	219	11	3
1346	1.49E+00	7.33E+05	0	1	219	16	4
1350	1.66E+00	7.33E+05	0	1	219	19	4
1347	1.65E+00	7.33E+05	0	1	219	28	4
1345	1.52E+00	7.33E+05	0	1	219	29	4
1348	1.67E+00	7.33E+05	0	1	219	30	4
1349	1.67E+00	7.33E+05	0	1	219	31	4
1354	2.06E+00	7.33E+05	0	1	219	34	5
1351	1.88E+00	7.33E+05	0	1	219	35	5
1352	1.91E+00	7.33E+05	0	1	219	36	5
1353	1.92E+00	7.33E+05	0	1	219	37	5
576	2.72E-01	7.33E+05	1	1	220	1	0
577	2.11E+00	7.33E+05	1	1	220	3	1
578	1.44E-01	7.33E+05	1	1	221	1	0
1355	1.13E+00	7.33E+05	0	1	222	1	0
579	3.02E-01	7.33E+05	1	1	223	2	1
580	2.82E-01	7.33E+05	1	1	223	3	1
1356	3.65E-01	7.33E+05	0	1	224	2	1
1357	7.60E-01	7.33E+05	0	1	224	6	2
1358	7.60E-01	7.33E+05	0	1	224	7	2
1359	3.19E-01	7.33E+05	0	1	225	3	1
1360	7.75E-01	7.33E+05	0	1	225	5	2
581	1.93E+00	7.33E+05	1	1	225	16	4
582	1.78E+00	7.33E+05	1	1	225	17	4
1363	2.17E+00	7.33E+05	0	1	225	36	5
1364	2.17E+00	7.33E+05	0	1	225	37	5
1361	2.16E+00	7.33E+05	0	1	225	38	5
1362	2.18E+00	7.33E+05	0	1	225	39	5
1365	4.94E-01	7.33E+05	0	1	226	1	0
1367	7.28E-01	7.33E+05	0	1	227	2	1
1366	5.26E-01	7.33E+05	0	1	227	3	1
585	1.47E+00	7.33E+05	1	1	228	8	3
588	1.47E+00	7.33E+05	1	1	228	9	3
583	1.47E+00	7.33E+05	1	1	228	10	3
584	1.47E+00	7.33E+05	1	1	228	11	3
590	1.62E+00	7.33E+05	1	1	228	12	3
589	1.47E+00	7.33E+05	1	1	228	13	3
586	1.62E+00	7.33E+05	1	1	228	14	3
587	1.47E+00	7.33E+05	1	1	228	15	3
591	1.75E+00	7.33E+05	1	1	228	19	4
1368	9.30E-01	7.33E+05	0	1	229	5	2
1369	9.55E-01	7.33E+05	0	1	229	8	3
1370	9.58E-01	7.33E+05	0	1	229	9	3
593	1.11E+00	7.33E+05	1	1	229	12	3
592	1.11E+00	7.33E+05	1	1	229	13	3
1372	1.11E+00	7.33E+05	0	1	229	14	3
1371	1.10E+00	7.33E+05	0	1	229	15	3
1373	9.21E-01	7.33E+05	0	1	230	2	1
1374	9.23E-01	7.33E+05	0	1	230	3	1
594	1.03E+00	7.33E+05	1	1	231	4	2
1377	9.41E-01	7.33E+05	0	1	231	5	2
1375	8.91E-01	7.33E+05	0	1	231	6	2
1376	9.13E-01	7.33E+05	0	1	231	7	2
1378	9.73E-01	7.33E+05	0	1	232	2	1
1379	9.73E-01	7.33E+05	0	1	232	3	1
1380	4.65E-01	7.33E+05	0	1	233	1	0
1381	1.16E+00	7.33E+05	0	1	234	12	3
1382	1.17E+00	7.33E+05	0	1	234	13	3
1383	1.16E+00	7.33E+05	0	1	234	14	3
1384	1.18E+00	7.33E+05	0	1	234	15	3
595	1.47E+00	7.33E+05	1	1	234	16	4
596	1.47E+00	7.33E+05	1	1	234	17	4
597	1.78E+00	7.33E+05	1	1	234	36	5
601	1.79E+00	7.33E+05	1	1	234	37	5
598	1.78E+00	7.33E+05	1	1	234	38	5
599	1.79E+00	7.33E+05	1	1	234	39	5
602	1.63E+00	7.33E+05	1	1	234	40	5
600	1.62E+00	7.33E+05	1	1	234	41	5
605	1.63E+00	7.33E+05	1	1	234	42	5
607	1.62E+00	7.33E+05	1	1	234	43	5
603	1.79E+00	7.33E+05	1	1	234	44	5
604	1.94E+00	7.33E+05	1	1	234	45	5
606	1.63E+00	7.33E+05	1	1	234	46	5
608	1.62E+00	7.33E+05	1	1	234	47	5
609	1.03E+00	7.33E+05	1	1	235	6	2
611	1.34E+00	7.33E+05	1	1	235	8	3
610	1.48E+00	7.33E+05	1	1	235	9	3
613	1.47E+00	7.33E+05	1	1	235	10	3
612	1.47E+00	7.33E+05	1	1	235	11	3
615	1.48E+00	7.33E+05	1	1	235	14	3
614	1.47E+00	7.33E+05	1	1	235	15	3
1385	1.47E+00	7.33E+05	0	1	236	12	3
616	1.99E+00	7.33E+05	1	1	236	13	3
619	1.55E+00	7.33E+05	1	1	236	28	4
620	1.55E+00	7.33E+05	1	1	236	29	4
617	2.16E+00	7.33E+05	1	1	236	30	4
618	1.55E+00	7.33E+05	1	1	236	31	4
1387	2.64E+00	7.33E+05	0	1	237	4	2
1386	2.26E+00	7.33E+05	0	1	237	6	2
1391	3.18E+00	7.33E+05	0	1	237	10	3
1390	2.94E+00	7.33E+05	0	1	237	11	3
1388	2.49E+00	7.33E+05	0	1	237	14	3
1389	2.64E+00	7.33E+05	0	1	237	15	3
1395	1.14E+00	7.33E+05	0	1	238	4	2
1393	1.03E+00	7.33E+05	0	1	238	5	2
1392	1.02E+00	7.33E+05	0	1	238	6	2
1394	1.10E+00	7.33E+05	0	1	238	7	2
1396	5.01E-01	7.33E+05	0	1	239	2	1
1397	5.08E-01	7.33E+05	0	1	239	6	2
1398	5.08E-01	7.33E+05	0	1	239	7	2
1399	1.31E-01	7.33E+05	0	1	240	1	0
1401	2.70E-01	7.33E+05	0	1	241	2	1
1400	2.65E-01	7.33E+05	0	1	241	3	1
1402	1.31E-01	7.33E+05	0	1	242	1	0
1403	6.90E-01	7.33E+05	0	1	243	2	1
1404	7.05E-01	7.33E+05	0	1	243	3	1
1405	5.53E-01	7.33E+05	0	1	244	2	1
1406	5.53E-01	7.33E+05	0	1	244	3	1
1407	3.38E-01	7.33E+05	0	1	245	1	0
1408	2.95E+00	7.33E+05	0	1	246	1	0
1413	2.00E+00	7.33E+05	0	1	247	16	4
1411	1.98E+00	7.33E+05	0	1	247	17	4
1414	2.00E+00	7.33E+05	0	1	247	18	4
1410	2.00E+00	7.33E+05	0	1	247	20	4
1412	2.01E+00	7.33E+05	0	1	247	21	4
1409	1.88E+00	7.33E+05	0	1	247	22	4
1415	2.00E+00	7.33E+05	0	1	247	23	4
626	1.93E+00	7.33E+05	1	1	247	24	4
623	1.93E+00	7.33E+05	1	1	247	25	4
624	1.93E+00	7.33E+05	1	1	247	26	4
625	1.93E+00	7.33E+05	1	1	247	27	4
627	1.93E+00	7.33E+05	1	1	247	28	4
1416	1.97E+00	7.33E+05	0	1	247	29	4
622	1.93E+00	7.33E+05	1	1	247	30	4
621	1.93E+00	7.33E+05	1	1	247	31	4
1418	2.40E+00	7.33E+05	0	1	247	38	5
1417	2.26E+00	7.33E+05	0	1	247	39	5
630	1.32E+00	7.33E+05	1	1	248	8	3
629	1.33E+00	7.33E+05	1	1	248	9	3
631	1.47E+00	7.33E+05	1	1	248	11	3
628	1.48E+00	7.33E+05	1	1	248	12	3
1419	1.55E+00	7.33E+05	0	1	248	13	3
1420	1.55E+00	7.33E+05	0	1	248	14	3
1421	1.55E+00	7.33E+05	0	1	248	15	3
633	1.62E+00	7.33E+05	1	1	248	20	4
632	1.62E+00	7.33E+05	1	1	248	21	4
638	1.18E+00	7.33E+05	1	1	249	8	3
636	1.18E+00	7.33E+05	1	1	249	9	3
634	1.18E+00	7.33E+05	1	1	249	10	3
635	1.18E+00	7.33E+05	1	1	249	11	3
641	1.18E+00	7.33E+05	1	1	249	12	3
639	1.18E+00	7.33E+05	1	1	249	13	3
637	1.18E+00	7.33E+05	1	1	249	14	3
640	1.18E+00	7.33E+05	1	1	249	15	3
1425	1.97E+00	7.33E+05	0	1	250	16	4
1426	1.97E+00	7.33E+05	0	1	250	17	4
1424	1.97E+00	7.33E+05	0	1	250	18	4
1423	1.97E+00	7.33E+05	0	1	250	19	4
1432	2.06E+00	7.33E+05	0	1	250	21	4
1428	2.01E+00	7.33E+05	0	1	250	22	4
1436	2.22E+00	7.33E+05	0	1	250	23	4
1430	1.96E+00	7.33E+05	0	1	250	24	4
1431	1.96E+00	7.33E+05	0	1	250	25	4
1434	1.99E+00	7.33E+05	0	1	250	26	4
1435	2.00E+00	7.33E+05	0	1	250	27	4
1427	1.87E+00	7.33E+05	0	1	250	28	4
1433	1.97E+00	7.33E+05	0	1	250	29	4
1422	1.85E+00	7.33E+05	0	1	250	30	4
1429	1.96E+00	7.33E+05	0	1	250	31	4
1437	1.56E+00	7.33E+05	0	1	251	2	1
1438	2.38E+00	7.33E+05	0	1	251	3	1
1439	1.83E+00	7.33E+05	0	1	252	25	4
642	1.95E-01	7.33E+05	1	1	253	1	0
1825	2.07E+00	7.33E+05	2	1	254	1	0
643	2.59E-01	7.33E+05	1	1	255	1	0
1440	7.72E-01	7.33E+05	0	1	257	3	1
1443	1.86E+00	7.33E+05	0	1	257	17	4
1441	1.86E+00	7.33E+05	0	1	257	18	4
1442	1.86E+00	7.33E+05	0	1	257	19	4
1444	1.85E+00	7.33E+05	0	1	257	20	4
1445	1.86E+00	7.33E+05	0	1	257	21	4
1446	2.07E+00	7.33E+05	0	1	257	32	5
1448	2.11E+00	7.33E+05	0	1	257	33	5
1450	2.09E+00	7.33E+05	0	1	257	44	5
644	2.84E+00	7.33E+05	1	1	257	45	5
1449	2.12E+00	7.33E+05	0	1	257	46	5
1447	2.11E+00	7.33E+05	0	1	257	47	5
645	3.42E+00	7.33E+05	1	1	257	90	6
649	1.19E+00	7.33E+05	1	1	258	8	3
646	1.19E+00	7.33E+05	1	1	258	9	3
648	1.19E+00	7.33E+05	1	1	258	10	3
653	1.34E+00	7.33E+05	1	1	258	11	3
650	1.19E+00	7.33E+05	1	1	258	12	3
647	1.19E+00	7.33E+05	1	1	258	13	3
651	1.34E+00	7.33E+05	1	1	258	14	3
652	1.34E+00	7.33E+05	1	1	258	15	3
656	1.18E+00	7.33E+05	1	1	259	8	3
657	1.18E+00	7.33E+05	1	1	259	9	3
655	1.18E+00	7.33E+05	1	1	259	12	3
654	1.19E+00	7.33E+05	1	1	259	13	3
664	1.48E+00	7.33E+05	1	1	259	20	4
663	1.48E+00	7.33E+05	1	1	259	21	4
662	1.48E+00	7.33E+05	1	1	259	22	4
661	1.48E+00	7.33E+05	1	1	259	23	4
660	1.48E+00	7.33E+05	1	1	259	28	4
659	1.48E+00	7.33E+05	1	1	259	29	4
658	1.33E+00	7.33E+05	1	1	259	30	4
1451	3.38E-01	7.33E+05	0	1	260	2	1
1452	3.65E-01	7.33E+05	0	1	260	3	1
666	8.96E-01	7.33E+05	1	1	261	4	2
665	8.98E-01	7.33E+05	1	1	261	5	2
668	7.65E-01	7.33E+05	1	1	261	6	2
667	7.47E-01	7.33E+05	1	1	261	7	2
669	7.72E-01	7.33E+05	1	1	262	4	2
672	7.72E-01	7.33E+05	1	1	262	5	2
670	7.72E-01	7.33E+05	1	1	262	6	2
671	7.75E-01	7.33E+05	1	1	262	7	2
673	7.55E-01	7.33E+05	1	1	263	3	1
675	9.01E-01	7.33E+05	1	1	263	4	2
674	1.05E+00	7.33E+05	1	1	263	5	2
676	7.43E-01	7.33E+05	1	1	264	2	1
677	7.45E-01	7.33E+05	1	1	264	3	1
1826	1.09E+00	7.33E+05	2	1	265	1	0
1453	2.30E-01	7.33E+05	0	1	266	1	0
1454	1.55E-01	7.33E+05	0	1	267	2	1
1455	1.55E-01	7.33E+05	0	1	267	3	1
678	1.72E-02	7.33E+05	1	1	268	1	0
679	1.23E-02	7.33E+05	1	1	269	1	0
680	2.47E-02	7.33E+05	1	2	1	1	0
681	9.62E-01	7.33E+05	1	2	2	4	2
682	1.05E+00	7.33E+05	1	2	2	5	2
684	1.49E+00	7.33E+05	1	2	2	12	3
683	1.40E+00	7.33E+05	1	2	2	14	3
685	1.40E+00	7.33E+05	1	2	2	15	3
1456	2.02E+00	7.33E+05	0	2	2	26	4
1457	2.02E+00	7.33E+05	0	2	2	27	4
686	9.62E-01	7.33E+05	1	2	3	2	1
687	9.62E-01	7.33E+05	1	2	3	3	1
1458	1.33E+00	7.33E+05	0	2	4	4	2
1459	1.69E+00	7.33E+05	0	2	4	5	2
1460	1.68E+00	7.33E+05	0	2	4	6	2
1461	2.02E+00	7.33E+05	0	2	4	15	3
1462	2.02E+00	7.33E+05	0	2	4	28	4
1463	2.02E+00	7.33E+05	0	2	4	29	4
1827	1.34E-01	7.33E+05	2	2	5	1	0
1464	1.57E+00	7.33E+05	0	2	6	7	2
1465	1.57E+00	7.33E+05	0	2	6	9	3
1468	2.02E+00	7.33E+05	0	2	6	10	3
1469	2.02E+00	7.33E+05	0	2	6	11	3
1466	1.68E+00	7.33E+05	0	2	6	12	3
1467	1.68E+00	7.33E+05	0	2	6	13	3
1470	2.00E+00	7.33E+05	0	2	6	16	4
1471	2.01E+00	7.33E+05	0	2	6	17	4
1828	4.53E-01	7.33E+05	2	2	7	2	1
1829	4.67E-01	7.33E+05	2	2	7	3	1
689	1.49E+00	7.33E+05	1	2	8	2	1
688	1.49E+00	7.33E+05	1	2	8	3	1
690	1.74E-01	7.33E+05	1	2	9	1	0
691	8.69E-02	7.33E+05	1	2	10	1	0
692	4.37E-01	7.33E+05	1	2	11	1	0
693	3.44E-01	7.33E+05	1	2	12	1	0
694	8.26E-01	7.33E+05	1	2	12	2	1
695	8.00E-02	7.33E+05	1	2	13	1	0
696	8.85E-01	7.33E+05	1	2	13	2	1
698	3.27E-01	7.33E+05	1	2	14	2	1
697	3.27E-01	7.33E+05	1	2	14	3	1
700	1.90E+00	7.33E+05	1	2	14	30	4
699	1.84E+00	7.33E+05	1	2	14	31	4
701	8.54E-01	7.33E+05	1	2	15	2	1
702	7.67E-01	7.33E+05	1	2	15	3	1
703	3.27E-01	7.33E+05	1	2	16	1	0
704	1.88E-01	7.33E+05	1	2	17	1	0
705	5.90E-01	7.33E+05	1	2	18	2	1
706	5.90E-01	7.33E+05	1	2	18	3	1
708	6.33E-01	7.33E+05	1	2	19	2	1
707	6.33E-01	7.33E+05	1	2	19	3	1
1475	4.83E+00	7.33E+05	0	2	20	16	4
1834	2.99E+00	7.33E+05	2	2	20	17	4
1833	2.93E+00	7.33E+05	2	2	20	18	4
1835	3.00E+00	7.33E+05	2	2	20	19	4
1830	2.49E+00	7.33E+05	2	2	20	20	4
709	1.71E+00	7.33E+05	1	2	20	21	4
1831	2.72E+00	7.33E+05	2	2	20	22	4
710	1.76E+00	7.33E+05	1	2	20	23	4
1836	3.53E+00	7.33E+05	2	2	20	24	4
1473	4.83E+00	7.33E+05	0	2	20	25	4
1472	4.84E+00	7.33E+05	0	2	20	26	4
1837	4.29E+00	7.33E+05	2	2	20	27	4
1832	2.97E+00	7.33E+05	2	2	20	28	4
1474	4.83E+00	7.33E+05	0	2	20	29	4
1838	4.09E+00	7.33E+05	2	2	20	30	4
1476	4.83E+00	7.33E+05	0	2	20	63	5
1478	4.88E+00	7.33E+05	0	2	20	124	6
1477	4.87E+00	7.33E+05	0	2	20	125	6
711	1.46E-01	7.33E+05	1	2	21	1	0
712	2.48E+00	7.33E+05	1	2	21	13	3
714	1.22E+00	7.33E+05	1	2	22	4	2
716	1.22E+00	7.33E+05	1	2	22	5	2
713	1.22E+00	7.33E+05	1	2	22	6	2
715	1.22E+00	7.33E+05	1	2	22	7	2
717	1.74E-01	7.33E+05	1	2	23	1	0
718	2.59E-01	7.33E+05	1	2	24	1	0
719	4.01E-01	7.33E+05	1	2	25	2	1
720	6.40E-01	7.33E+05	1	2	25	3	1
721	2.62E-02	7.33E+05	1	2	26	1	0
722	2.62E-02	7.33E+05	1	2	27	1	0
723	2.62E-02	7.33E+05	1	2	28	1	0
724	2.62E-02	7.33E+05	1	2	29	1	0
725	9.56E-01	7.33E+05	1	2	29	3	1
727	1.97E+00	7.33E+05	1	2	30	6	2
726	1.96E+00	7.33E+05	1	2	30	7	2
730	2.46E+00	7.33E+05	1	2	30	8	3
729	2.42E+00	7.33E+05	1	2	30	9	3
731	2.37E+00	7.33E+05	1	2	30	10	3
728	2.36E+00	7.33E+05	1	2	30	11	3
732	4.46E+00	7.33E+05	1	2	30	27	4
733	1.42E+00	7.33E+05	1	2	31	4	2
736	1.42E+00	7.33E+05	1	2	31	5	2
735	1.42E+00	7.33E+05	1	2	31	6	2
734	1.42E+00	7.33E+05	1	2	31	7	2
740	2.23E+00	7.33E+05	1	2	31	8	3
738	2.23E+00	7.33E+05	1	2	31	9	3
739	2.43E+00	7.33E+05	1	2	31	14	3
737	2.43E+00	7.33E+05	1	2	31	15	3
741	4.41E+00	7.33E+05	1	2	31	16	4
742	9.71E-01	7.33E+05	1	2	32	2	1
743	1.23E+00	7.33E+05	1	2	32	3	1
745	1.72E+00	7.33E+05	1	2	32	8	3
744	1.72E+00	7.33E+05	1	2	32	9	3
746	9.66E-01	7.33E+05	1	2	33	2	1
747	9.66E-01	7.33E+05	1	2	33	3	1
749	1.76E+00	7.33E+05	1	2	34	11	3
750	1.76E+00	7.33E+05	1	2	34	12	3
748	1.76E+00	7.33E+05	1	2	34	13	3
751	1.76E+00	7.33E+05	1	2	34	16	4
752	1.76E+00	7.33E+05	1	2	34	17	4
757	1.76E+00	7.33E+05	1	2	34	18	4
755	1.76E+00	7.33E+05	1	2	34	19	4
759	2.31E+00	7.33E+05	1	2	34	27	4
758	2.02E+00	7.33E+05	1	2	34	28	4
756	2.02E+00	7.33E+05	1	2	34	29	4
754	2.02E+00	7.33E+05	1	2	34	30	4
753	2.02E+00	7.33E+05	1	2	34	31	4
760	2.26E+00	7.33E+05	1	2	34	40	5
1480	2.50E+00	7.33E+05	0	2	34	41	5
1839	3.37E+00	7.33E+05	2	2	34	42	5
1479	2.19E+00	7.33E+05	0	2	34	43	5
761	1.81E+00	7.33E+05	1	2	35	2	1
762	1.76E+00	7.33E+05	1	2	35	3	1
763	9.62E-01	7.33E+05	1	2	36	2	1
765	1.40E+00	7.33E+05	1	2	36	6	2
764	1.40E+00	7.33E+05	1	2	36	7	2
766	1.40E+00	7.33E+05	1	2	37	5	2
771	1.76E+00	7.33E+05	1	2	37	8	3
772	1.76E+00	7.33E+05	1	2	37	9	3
768	1.76E+00	7.33E+05	1	2	37	12	3
770	1.76E+00	7.33E+05	1	2	37	13	3
767	1.76E+00	7.33E+05	1	2	37	14	3
769	1.76E+00	7.33E+05	1	2	37	15	3
773	2.61E-01	7.33E+05	1	2	38	1	0
774	7.88E-01	7.33E+05	1	2	39	3	1
775	1.22E+00	7.33E+05	1	2	39	4	2
776	1.22E+00	7.33E+05	1	2	39	5	2
778	1.95E+00	7.33E+05	1	2	39	20	4
777	1.95E+00	7.33E+05	1	2	39	21	4
779	8.75E-01	7.33E+05	1	2	40	2	1
780	8.75E-01	7.33E+05	1	2	40	3	1
782	1.74E-01	7.33E+05	1	2	41	2	1
781	1.74E-01	7.33E+05	1	2	41	3	1
783	7.88E-01	7.33E+05	1	2	42	2	1
784	7.88E-01	7.33E+05	1	2	42	3	1
785	5.24E-01	7.33E+05	1	2	43	2	1
786	5.24E-01	7.33E+05	1	2	43	3	1
787	7.88E-01	7.33E+05	1	2	44	2	1
788	7.88E-01	7.33E+05	1	2	44	3	1
789	3.48E-01	7.33E+05	1	2	45	1	0
790	5.12E+00	7.33E+05	1	2	45	32	5
1481	1.54E+00	7.33E+05	0	2	46	3	1
1840	2.88E+00	7.33E+05	2	2	46	4	2
1482	2.78E+00	7.33E+05	0	2	46	10	3
1841	3.25E+00	7.33E+05	2	2	46	11	3
791	1.67E+00	7.33E+05	1	2	47	8	3
1842	1.55E+00	7.33E+05	2	2	47	10	3
1483	3.13E+00	7.33E+05	0	2	47	19	4
1484	6.55E+00	7.33E+05	0	2	47	22	4
1843	5.37E+00	7.33E+05	2	2	47	46	5
1488	5.14E+00	7.33E+05	0	2	47	52	5
1485	2.91E+00	7.33E+05	0	2	47	53	5
1486	4.09E+00	7.33E+05	0	2	47	55	5
1487	5.73E+00	7.33E+05	0	2	47	58	5
1497	6.74E+00	7.33E+05	0	2	47	72	6
1498	6.74E+00	7.33E+05	0	2	47	73	6
1505	6.74E+00	7.33E+05	0	2	47	74	6
1504	6.71E+00	7.33E+05	0	2	47	75	6
1494	6.74E+00	7.33E+05	0	2	47	94	6
1495	6.74E+00	7.33E+05	0	2	47	95	6
1502	6.74E+00	7.33E+05	0	2	47	100	6
1503	6.74E+00	7.33E+05	0	2	47	101	6
1499	6.74E+00	7.33E+05	0	2	47	102	6
1496	6.71E+00	7.33E+05	0	2	47	103	6
1491	6.74E+00	7.33E+05	0	2	47	108	6
1492	6.74E+00	7.33E+05	0	2	47	109	6
1506	6.74E+00	7.33E+05	0	2	47	115	6
1507	6.74E+00	7.33E+05	0	2	47	121	6
1490	4.56E+00	7.33E+05	0	2	47	123	6
1500	6.74E+00	7.33E+05	0	2	47	124	6
1501	6.74E+00	7.33E+05	0	2	47	125	6
1489	6.74E+00	7.33E+05	0	2	47	126	6
1493	6.74E+00	7.33E+05	0	2	47	127	6
1526	6.74E+00	7.33E+05	0	2	47	192	7
1521	6.74E+00	7.33E+05	0	2	47	194	7
1515	6.50E+00	7.33E+05	0	2	47	195	7
1516	6.74E+00	7.33E+05	0	2	47	197	7
1513	6.74E+00	7.33E+05	0	2	47	198	7
1514	6.74E+00	7.33E+05	0	2	47	199	7
1524	6.74E+00	7.33E+05	0	2	47	224	7
1525	6.74E+00	7.33E+05	0	2	47	225	7
1522	6.74E+00	7.33E+05	0	2	47	226	7
1523	6.74E+00	7.33E+05	0	2	47	227	7
1844	5.90E+00	7.33E+05	2	2	47	228	7
1510	6.74E+00	7.33E+05	0	2	47	229	7
1508	6.74E+00	7.33E+05	0	2	47	236	7
1509	6.74E+00	7.33E+05	0	2	47	237	7
1519	6.74E+00	7.33E+05	0	2	47	238	7
1520	6.74E+00	7.33E+05	0	2	47	239	7
1517	6.74E+00	7.33E+05	0	2	47	240	7
1518	6.74E+00	7.33E+05	0	2	47	241	7
1511	6.74E+00	7.33E+05	0	2	47	244	7
1512	6.74E+00	7.33E+05	0	2	47	245	7
1527	6.74E+00	7.33E+05	0	2	47	386	8
1528	6.74E+00	7.33E+05	0	2	47	387	8
1529	6.74E+00	7.33E+05	0	2	47	392	8
1530	6.74E+00	7.33E+05	0	2	47	393	8
792	1.52E-01	7.33E+05	1	2	48	1	0
793	3.65E-01	7.33E+05	1	2	49	1	0
794	3.99E-01	7.33E+05	1	2	50	1	0
1531	2.01E+00	7.33E+05	0	2	51	2	1
1845	1.57E+00	7.33E+05	2	2	51	7	2
1532	2.01E+00	7.33E+05	0	2	51	12	3
1533	2.01E+00	7.33E+05	0	2	51	13	3
795	2.05E-01	7.33E+05	1	2	52	1	0
796	7.14E-02	7.33E+05	1	2	53	1	0
797	3.11E-01	7.33E+05	1	2	54	1	0
798	1.33E+00	7.33E+05	1	2	54	14	3
799	4.48E+00	7.33E+05	1	2	54	17	4
801	2.83E-01	7.33E+05	1	2	55	2	1
800	3.87E-01	7.33E+05	1	2	55	3	1
803	4.57E+00	7.33E+05	1	2	55	17	4
802	4.49E+00	7.33E+05	1	2	55	19	4
804	4.32E+00	7.33E+05	1	2	55	41	5
805	3.37E-01	7.33E+05	1	2	56	1	0
806	4.34E+00	7.33E+05	1	2	56	22	4
808	2.29E+00	7.33E+05	1	2	57	8	3
809	2.23E+00	7.33E+05	1	2	57	9	3
810	2.26E+00	7.33E+05	1	2	57	10	3
807	2.19E+00	7.33E+05	1	2	57	11	3
811	2.38E+00	7.33E+05	1	2	57	14	3
812	2.28E+00	7.33E+05	1	2	57	15	3
815	2.78E+00	7.33E+05	1	2	57	24	4
814	2.59E+00	7.33E+05	1	2	57	25	4
816	2.65E+00	7.33E+05	1	2	57	26	4
813	2.65E+00	7.33E+05	1	2	57	27	4
818	5.17E+00	7.33E+05	1	2	57	67	6
817	5.17E+00	7.33E+05	1	2	57	101	6
820	6.63E-01	7.33E+05	1	2	58	2	1
819	6.35E-01	7.33E+05	1	2	58	3	1
821	2.36E-01	7.33E+05	1	2	59	1	0
822	8.68E-01	7.33E+05	1	2	60	2	1
823	9.24E-01	7.33E+05	1	2	60	3	1
824	5.31E-01	7.33E+05	1	2	61	2	1
825	5.00E-01	7.33E+05	1	2	61	3	1
826	4.56E+00	7.33E+05	1	2	61	7	2
827	5.65E-01	7.33E+05	1	2	62	2	1
828	6.38E-01	7.33E+05	1	2	62	3	1
1848	2.99E+00	7.33E+05	2	2	63	4	2
1846	2.64E+00	7.33E+05	2	2	63	6	2
1847	2.70E+00	7.33E+05	2	2	63	7	2
1850	3.38E+00	7.33E+05	2	2	63	10	3
1849	3.23E+00	7.33E+05	2	2	63	11	3
829	1.71E-01	7.33E+05	1	2	64	1	0
830	1.95E+00	7.33E+05	1	2	64	19	4
831	2.75E+00	7.33E+05	1	2	64	52	5
833	3.91E+00	7.33E+05	1	2	64	74	6
832	4.67E+00	7.33E+05	1	2	64	115	6
835	4.01E-01	7.33E+05	1	2	65	2	1
834	4.01E-01	7.33E+05	1	2	65	3	1
1534	2.03E+00	7.33E+05	0	2	66	11	3
1853	1.82E+00	7.33E+05	2	2	66	13	3
1851	1.66E+00	7.33E+05	2	2	66	14	3
1852	1.76E+00	7.33E+05	2	2	66	15	3
1541	2.03E+00	7.33E+05	0	2	66	16	4
1542	2.03E+00	7.33E+05	0	2	66	17	4
1539	2.03E+00	7.33E+05	0	2	66	18	4
1540	2.03E+00	7.33E+05	0	2	66	19	4
1537	2.03E+00	7.33E+05	0	2	66	20	4
1538	2.03E+00	7.33E+05	0	2	66	21	4
1535	2.03E+00	7.33E+05	0	2	66	24	4
1536	2.03E+00	7.33E+05	0	2	66	25	4
1854	8.98E-02	7.33E+05	2	2	67	1	0
836	9.71E-01	7.33E+05	1	2	68	2	1
837	9.71E-01	7.33E+05	1	2	68	3	1
1855	1.47E+00	7.33E+05	2	2	69	1	0
1856	5.93E-01	7.33E+05	2	2	70	1	0
1857	9.95E-01	7.33E+05	2	2	71	1	0
1543	9.86E-01	7.33E+05	0	2	72	7	2
1544	2.03E+00	7.33E+05	0	2	72	16	4
1545	2.03E+00	7.33E+05	0	2	72	17	4
1546	2.03E+00	7.33E+05	0	2	72	18	4
1858	1.85E+00	7.33E+05	2	2	72	19	4
1547	2.03E+00	7.33E+05	0	2	72	24	4
1548	2.03E+00	7.33E+05	0	2	72	25	4
1549	2.03E+00	7.33E+05	0	2	72	26	4
1550	2.03E+00	7.33E+05	0	2	72	27	4
1553	2.03E+00	7.33E+05	0	2	72	42	5
1554	2.03E+00	7.33E+05	0	2	72	43	5
1555	2.03E+00	7.33E+05	0	2	72	44	5
1556	2.03E+00	7.33E+05	0	2	72	45	5
1551	2.03E+00	7.33E+05	0	2	72	46	5
1552	2.03E+00	7.33E+05	0	2	72	47	5
838	6.07E-01	7.33E+05	1	2	73	2	1
839	6.07E-01	7.33E+05	1	2	73	3	1
1860	1.72E+00	7.33E+05	2	2	74	2	1
1859	1.58E+00	7.33E+05	2	2	74	3	1
1861	1.08E-01	7.33E+05	2	2	75	1	0
841	6.07E-01	7.33E+05	1	2	76	2	1
840	6.07E-01	7.33E+05	1	2	76	3	1
842	2.41E-01	7.33E+05	1	2	77	1	0
843	6.73E-01	7.33E+05	1	2	78	3	1
844	9.89E-01	7.33E+05	1	2	78	4	2
845	9.68E-01	7.33E+05	1	2	78	5	2
848	4.76E+00	7.33E+05	1	2	78	42	5
847	4.71E+00	7.33E+05	1	2	78	48	5
846	4.71E+00	7.33E+05	1	2	78	54	5
849	3.22E-01	7.33E+05	1	2	79	1	0
850	2.74E+00	7.33E+05	1	2	79	31	4
853	4.43E+00	7.33E+05	1	2	79	97	6
851	4.44E+00	7.33E+05	1	2	79	99	6
852	4.40E+00	7.33E+05	1	2	79	103	6
854	4.84E-01	7.33E+05	1	2	80	2	1
855	7.01E-01	7.33E+05	1	2	80	3	1
856	4.71E+00	7.33E+05	1	2	80	19	4
1862	5.19E-01	7.33E+05	2	2	81	2	1
1863	1.07E+00	7.33E+05	2	2	81	3	1
857	7.36E-01	7.33E+05	1	2	82	2	1
858	8.35E-01	7.33E+05	1	2	82	3	1
859	5.12E-01	7.33E+05	1	2	83	1	0
860	4.54E+00	7.33E+05	1	2	83	29	4
861	5.16E-01	7.33E+05	1	2	84	2	1
862	5.16E-01	7.33E+05	1	2	84	3	1
863	2.22E-01	7.33E+05	1	2	85	1	0
864	3.56E-01	7.33E+05	1	2	86	1	0
865	3.00E-01	7.33E+05	1	2	87	1	0
1557	5.45E-01	7.33E+05	0	2	88	3	1
1558	2.07E+00	7.33E+05	0	2	88	9	3
1864	1.51E+00	7.33E+05	2	2	88	10	3
1559	2.07E+00	7.33E+05	0	2	88	16	4
1560	2.07E+00	7.33E+05	0	2	88	17	4
1561	2.07E+00	7.33E+05	0	2	88	22	4
1562	2.07E+00	7.33E+05	0	2	88	23	4
1865	1.26E+00	7.33E+05	2	2	89	1	0
867	8.61E-01	7.33E+05	1	2	90	2	1
866	7.77E-01	7.33E+05	1	2	90	3	1
868	1.13E+00	7.33E+05	1	2	91	1	0
1866	7.29E-01	7.33E+05	2	2	92	1	0
870	2.11E+00	7.33E+05	1	2	93	4	2
872	2.38E+00	7.33E+05	1	2	93	5	2
869	2.11E+00	7.33E+05	1	2	93	6	2
871	2.21E+00	7.33E+05	1	2	93	7	2
1867	1.40E+00	7.33E+05	2	2	94	2	1
1868	1.97E+00	7.33E+05	2	2	94	3	1
873	5.96E-01	7.33E+05	1	2	95	2	1
874	5.96E-01	7.33E+05	1	2	95	3	1
1869	1.03E+00	7.33E+05	2	2	96	1	0
875	5.21E-01	7.33E+05	1	2	97	1	0
877	1.54E+00	7.33E+05	1	2	98	4	2
876	1.28E+00	7.33E+05	1	2	98	7	2
879	1.71E+00	7.33E+05	1	2	98	10	3
878	1.71E+00	7.33E+05	1	2	98	11	3
883	2.05E+00	7.33E+05	1	2	98	24	4
882	1.78E+00	7.33E+05	1	2	98	25	4
880	1.78E+00	7.33E+05	1	2	98	26	4
881	1.78E+00	7.33E+05	1	2	98	27	4
1870	1.35E+00	7.33E+05	2	2	99	1	0
884	1.28E+00	7.33E+05	1	2	100	4	2
885	1.37E+00	7.33E+05	1	2	100	5	2
886	1.54E+00	7.33E+05	1	2	100	6	2
888	2.30E+00	7.33E+05	1	2	100	14	3
887	2.05E+00	7.33E+05	1	2	100	15	3
889	1.03E+00	7.33E+05	1	2	101	7	2
890	1.54E+00	7.33E+05	1	2	101	8	3
892	1.54E+00	7.33E+05	1	2	101	9	3
893	1.45E+00	7.33E+05	1	2	101	12	3
891	1.45E+00	7.33E+05	1	2	101	13	3
1871	2.51E+00	7.33E+05	2	2	101	20	4
894	2.38E+00	7.33E+05	1	2	101	22	4
1566	2.88E+00	7.33E+05	0	2	101	42	5
1565	2.86E+00	7.33E+05	0	2	101	43	5
1563	3.05E+00	7.33E+05	0	2	101	46	5
1564	3.09E+00	7.33E+05	0	2	101	47	5
895	4.36E-01	7.33E+05	1	2	102	1	0
897	8.61E-01	7.33E+05	1	2	103	6	2
896	8.61E-01	7.33E+05	1	2	103	7	2
901	1.37E+00	7.33E+05	1	2	103	8	3
899	1.37E+00	7.33E+05	1	2	103	9	3
900	1.37E+00	7.33E+05	1	2	103	10	3
898	1.37E+00	7.33E+05	1	2	103	11	3
902	4.36E-01	7.33E+05	1	2	104	1	0
903	6.93E-01	7.33E+05	1	2	105	2	1
905	1.11E+00	7.33E+05	1	2	105	6	2
904	1.11E+00	7.33E+05	1	2	105	7	2
906	6.08E-01	7.33E+05	1	2	106	2	1
907	4.36E-01	7.33E+05	1	2	106	3	1
909	7.39E-01	7.33E+05	1	2	106	4	2
908	7.39E-01	7.33E+05	1	2	106	5	2
911	6.08E-01	7.33E+05	1	2	107	2	1
910	6.08E-01	7.33E+05	1	2	107	3	1
912	5.21E-01	7.33E+05	1	2	108	2	1
913	5.21E-01	7.33E+05	1	2	108	3	1
922	3.15E+00	7.33E+05	1	2	109	32	5
924	3.15E+00	7.33E+05	1	2	109	33	5
927	3.31E+00	7.33E+05	1	2	109	34	5
915	3.24E+00	7.33E+05	1	2	109	40	5
1872	3.11E+00	7.33E+05	2	2	109	41	5
928	3.24E+00	7.33E+05	1	2	109	42	5
914	3.24E+00	7.33E+05	1	2	109	43	5
923	3.15E+00	7.33E+05	1	2	109	44	5
920	3.15E+00	7.33E+05	1	2	109	45	5
921	3.16E+00	7.33E+05	1	2	109	46	5
925	3.16E+00	7.33E+05	1	2	109	47	5
919	3.07E+00	7.33E+05	1	2	109	49	5
918	3.07E+00	7.33E+05	1	2	109	50	5
917	3.07E+00	7.33E+05	1	2	109	51	5
931	3.24E+00	7.33E+05	1	2	109	52	5
930	3.24E+00	7.33E+05	1	2	109	53	5
926	3.15E+00	7.33E+05	1	2	109	54	5
929	3.22E+00	7.33E+05	1	2	109	55	5
916	2.73E+00	7.33E+05	1	2	109	63	5
950	3.66E+00	7.33E+05	1	2	109	70	6
954	3.66E+00	7.33E+05	1	2	109	71	6
932	3.49E+00	7.33E+05	1	2	109	72	6
933	3.49E+00	7.33E+05	1	2	109	73	6
938	3.49E+00	7.33E+05	1	2	109	74	6
947	3.49E+00	7.33E+05	1	2	109	75	6
937	3.82E+00	7.33E+05	1	2	109	76	6
1567	3.52E+00	7.33E+05	0	2	109	77	6
945	3.82E+00	7.33E+05	1	2	109	78	6
944	3.82E+00	7.33E+05	1	2	109	79	6
943	3.45E+00	7.33E+05	1	2	109	96	6
940	3.39E+00	7.33E+05	1	2	109	97	6
956	3.24E+00	7.33E+05	1	2	109	112	6
955	3.24E+00	7.33E+05	1	2	109	113	6
951	3.24E+00	7.33E+05	1	2	109	114	6
952	3.24E+00	7.33E+05	1	2	109	115	6
941	3.24E+00	7.33E+05	1	2	109	116	6
942	3.24E+00	7.33E+05	1	2	109	117	6
939	3.24E+00	7.33E+05	1	2	109	118	6
935	3.24E+00	7.33E+05	1	2	109	119	6
953	3.15E+00	7.33E+05	1	2	109	120	6
949	3.15E+00	7.33E+05	1	2	109	121	6
934	3.15E+00	7.33E+05	1	2	109	122	6
936	3.15E+00	7.33E+05	1	2	109	123	6
946	3.15E+00	7.33E+05	1	2	109	124	6
948	3.21E+00	7.33E+05	1	2	109	125	6
957	6.08E-01	7.33E+05	1	2	110	2	1
958	6.08E-01	7.33E+05	1	2	110	3	1
960	1.71E+00	7.33E+05	1	2	111	10	3
962	1.62E+00	7.33E+05	1	2	111	12	3
959	1.54E+00	7.33E+05	1	2	111	13	3
963	1.62E+00	7.33E+05	1	2	111	14	3
961	1.62E+00	7.33E+05	1	2	111	15	3
968	2.05E+00	7.33E+05	1	2	111	16	4
969	1.99E+00	7.33E+05	1	2	111	17	4
967	2.05E+00	7.33E+05	1	2	111	18	4
965	2.05E+00	7.33E+05	1	2	111	19	4
964	2.05E+00	7.33E+05	1	2	111	22	4
966	2.05E+00	7.33E+05	1	2	111	23	4
970	1.45E+00	7.33E+05	1	2	112	4	2
973	1.45E+00	7.33E+05	1	2	112	5	2
971	1.45E+00	7.33E+05	1	2	112	6	2
972	1.45E+00	7.33E+05	1	2	112	7	2
1873	9.95E-01	7.33E+05	2	2	113	4	2
974	1.03E+00	7.33E+05	1	2	113	5	2
977	1.45E+00	7.33E+05	1	2	113	12	3
975	1.45E+00	7.33E+05	1	2	113	13	3
976	1.37E+00	7.33E+05	1	2	113	14	3
978	1.37E+00	7.33E+05	1	2	113	15	3
979	6.93E-01	7.33E+05	1	2	114	2	1
980	6.93E-01	7.33E+05	1	2	114	3	1
1874	6.63E-01	7.33E+05	2	2	115	1	0
1875	1.77E-01	7.33E+05	2	2	116	1	0
1877	1.24E+00	7.33E+05	2	2	117	2	1
1876	1.11E+00	7.33E+05	2	2	117	3	1
981	1.28E+00	7.33E+05	1	2	118	6	2
982	1.28E+00	7.33E+05	1	2	118	7	2
983	2.04E+00	7.33E+05	1	2	118	9	3
984	2.04E+00	7.33E+05	1	2	118	10	3
985	2.31E+00	7.33E+05	1	2	118	16	4
1568	2.47E+00	7.33E+05	0	2	118	17	4
986	2.77E+00	7.33E+05	1	2	118	22	4
1569	2.61E+00	7.33E+05	0	2	118	23	4
988	2.68E-01	7.33E+05	1	2	119	2	1
987	2.68E-01	7.33E+05	1	2	119	3	1
989	1.84E-01	7.33E+05	1	2	120	1	0
991	8.61E-01	7.33E+05	1	2	121	2	1
990	8.61E-01	7.33E+05	1	2	121	3	1
992	2.47E+00	7.33E+05	1	2	122	4	2
993	2.73E+00	7.33E+05	1	2	122	10	3
994	2.88E+00	7.33E+05	1	2	122	11	3
995	2.57E+00	7.33E+05	1	2	122	13	3
1570	2.74E+00	7.33E+05	0	2	122	24	4
1572	2.75E+00	7.33E+05	0	2	122	25	4
1571	2.82E+00	7.33E+05	0	2	122	28	4
996	3.15E+00	7.33E+05	1	2	122	29	4
997	3.15E+00	7.33E+05	1	2	122	30	4
998	3.15E+00	7.33E+05	1	2	122	31	4
1001	3.55E+00	7.33E+05	1	2	122	32	5
1003	3.55E+00	7.33E+05	1	2	122	33	5
1000	3.25E+00	7.33E+05	1	2	122	52	5
1002	3.25E+00	7.33E+05	1	2	122	53	5
999	3.25E+00	7.33E+05	1	2	122	54	5
1004	6.93E-01	7.33E+05	1	2	123	2	1
1005	6.93E-01	7.33E+05	1	2	123	3	1
1007	6.08E-01	7.33E+05	1	2	124	2	1
1006	6.08E-01	7.33E+05	1	2	124	3	1
1878	3.11E+00	7.33E+05	2	2	125	12	3
1879	3.12E+00	7.33E+05	2	2	125	13	3
1574	3.03E+00	7.33E+05	0	2	125	14	3
1573	3.01E+00	7.33E+05	0	2	125	15	3
1008	4.11E+00	7.33E+05	1	2	125	46	5
1575	5.28E+00	7.33E+05	0	2	125	47	5
1880	7.67E-01	7.33E+05	2	2	126	3	1
1576	1.52E+00	7.33E+05	0	2	126	5	2
1578	1.94E+00	7.33E+05	0	2	126	8	3
1577	1.94E+00	7.33E+05	0	2	126	9	3
1009	5.42E-01	7.33E+05	1	2	127	2	1
1010	5.42E-01	7.33E+05	1	2	127	3	1
1011	6.08E-01	7.33E+05	1	2	128	2	1
1012	6.08E-01	7.33E+05	1	2	128	3	1
1882	1.36E+00	7.33E+05	2	2	129	2	1
1881	1.32E+00	7.33E+05	2	2	129	3	1
1883	7.98E-01	7.33E+05	2	2	130	1	0
1013	6.93E-01	7.33E+05	1	2	131	2	1
1014	6.93E-01	7.33E+05	1	2	131	3	1
1015	6.08E-01	7.33E+05	1	2	132	2	1
1016	6.08E-01	7.33E+05	1	2	132	3	1
1888	3.19E+00	7.33E+05	2	2	133	8	3
1889	3.23E+00	7.33E+05	2	2	133	9	3
1579	3.32E+00	7.33E+05	0	2	133	10	3
1887	3.15E+00	7.33E+05	2	2	133	11	3
1886	3.13E+00	7.33E+05	2	2	133	12	3
1885	3.13E+00	7.33E+05	2	2	133	14	3
1884	3.10E+00	7.33E+05	2	2	133	15	3
1017	1.29E+00	7.33E+05	1	2	134	3	1
1019	1.29E+00	7.33E+05	1	2	134	4	2
1018	1.29E+00	7.33E+05	1	2	134	5	2
1890	6.07E-01	7.33E+05	2	2	135	1	0
1021	6.08E-01	7.33E+05	1	2	136	2	1
1020	6.08E-01	7.33E+05	1	2	136	3	1
1891	2.22E+00	7.33E+05	2	2	137	1	0
1022	1.45E+00	7.33E+05	1	2	138	10	3
1032	2.17E+00	7.33E+05	1	2	138	16	4
1030	2.10E+00	7.33E+05	1	2	138	18	4
1033	2.21E+00	7.33E+05	1	2	138	19	4
1031	2.13E+00	7.33E+05	1	2	138	22	4
1034	2.12E+00	7.33E+05	1	2	138	23	4
1029	1.90E+00	7.33E+05	1	2	138	25	4
1027	1.90E+00	7.33E+05	1	2	138	26	4
1028	1.90E+00	7.33E+05	1	2	138	27	4
1026	1.97E+00	7.33E+05	1	2	138	28	4
1025	1.97E+00	7.33E+05	1	2	138	29	4
1023	1.87E+00	7.33E+05	1	2	138	30	4
1024	1.87E+00	7.33E+05	1	2	138	31	4
1583	4.15E+00	7.33E+05	0	2	138	34	5
1582	4.13E+00	7.33E+05	0	2	138	35	5
1581	2.59E+00	7.33E+05	0	2	138	48	5
1580	2.51E+00	7.33E+05	0	2	138	49	5
1035	6.93E-01	7.33E+05	1	2	139	2	1
1036	6.93E-01	7.33E+05	1	2	139	3	1
1892	1.19E+00	7.33E+05	2	2	140	1	0
1037	5.21E-01	7.33E+05	1	2	141	1	0
1038	1.11E+00	7.33E+05	1	2	142	2	1
1039	1.11E+00	7.33E+05	1	2	142	3	1
1041	1.20E+00	7.33E+05	1	2	143	4	2
1042	1.20E+00	7.33E+05	1	2	143	5	2
1043	1.20E+00	7.33E+05	1	2	143	6	2
1040	1.20E+00	7.33E+05	1	2	143	7	2
1044	1.28E+00	7.33E+05	1	2	144	2	1
1045	1.28E+00	7.33E+05	1	2	144	3	1
1893	2.16E+00	7.33E+05	2	2	145	2	1
1894	2.22E+00	7.33E+05	2	2	145	3	1
1895	1.38E+00	7.33E+05	2	2	146	2	1
1896	3.31E+00	7.33E+05	2	2	146	6	2
1897	3.44E+00	7.33E+05	2	2	146	7	2
1047	6.08E-01	7.33E+05	1	2	147	2	1
1046	6.08E-01	7.33E+05	1	2	147	3	1
1051	1.79E+00	7.33E+05	1	2	148	12	3
1050	1.79E+00	7.33E+05	1	2	148	13	3
1048	1.79E+00	7.33E+05	1	2	148	14	3
1049	1.79E+00	7.33E+05	1	2	148	15	3
1057	2.04E+00	7.33E+05	1	2	148	16	4
1055	2.21E+00	7.33E+05	1	2	148	17	4
1056	2.11E+00	7.33E+05	1	2	148	18	4
1053	2.11E+00	7.33E+05	1	2	148	19	4
1054	2.11E+00	7.33E+05	1	2	148	20	4
1059	2.11E+00	7.33E+05	1	2	148	21	4
1052	1.96E+00	7.33E+05	1	2	148	22	4
1058	1.96E+00	7.33E+05	1	2	148	23	4
1060	6.08E-01	7.33E+05	1	2	149	2	1
1061	6.08E-01	7.33E+05	1	2	149	3	1
1898	4.41E-01	7.33E+05	2	2	150	1	0
1063	6.08E-01	7.33E+05	1	2	151	2	1
1062	6.08E-01	7.33E+05	1	2	151	3	1
1899	7.57E-02	7.33E+05	2	2	152	1	0
1064	2.68E-01	7.33E+05	1	2	153	1	0
1901	1.20E+00	7.33E+05	2	2	154	2	1
1900	1.10E+00	7.33E+05	2	2	154	3	1
1065	6.98E-01	7.33E+05	1	2	155	4	2
1066	6.98E-01	7.33E+05	1	2	155	5	2
1067	6.98E-01	7.33E+05	1	2	155	6	2
1068	6.98E-01	7.33E+05	1	2	155	7	2
1903	1.59E+00	7.33E+05	2	2	156	4	2
1902	1.59E+00	7.33E+05	2	2	156	5	2
1069	1.59E+00	7.33E+05	1	2	156	7	2
1584	3.01E+00	7.33E+05	0	2	156	24	4
1585	3.01E+00	7.33E+05	0	2	156	25	4
1586	3.01E+00	7.33E+05	0	2	156	26	4
1587	3.01E+00	7.33E+05	0	2	156	27	4
1588	1.79E+00	7.33E+05	0	2	157	9	3
1595	2.14E+00	7.33E+05	0	2	157	16	4
1596	2.14E+00	7.33E+05	0	2	157	17	4
1589	2.02E+00	7.33E+05	0	2	157	24	4
1590	2.02E+00	7.33E+05	0	2	157	25	4
1594	2.12E+00	7.33E+05	0	2	157	26	4
1593	2.12E+00	7.33E+05	0	2	157	27	4
1597	2.40E+00	7.33E+05	0	2	157	28	4
1592	2.06E+00	7.33E+05	0	2	157	29	4
1591	2.07E+00	7.33E+05	0	2	157	30	4
1598	2.84E+00	7.33E+05	0	2	157	31	4
1599	2.43E+00	7.33E+05	0	2	157	46	5
1070	3.68E+00	7.33E+05	1	2	157	80	6
1600	4.41E+00	7.33E+05	0	2	157	85	6
1601	4.96E+00	7.33E+05	0	2	157	86	6
1619	4.97E+00	7.33E+05	0	2	157	162	7
1620	4.98E+00	7.33E+05	0	2	157	163	7
1621	4.93E+00	7.33E+05	0	2	157	164	7
1612	4.53E+00	7.33E+05	0	2	157	165	7
1614	4.91E+00	7.33E+05	0	2	157	166	7
1615	4.93E+00	7.33E+05	0	2	157	167	7
1616	5.04E+00	7.33E+05	0	2	157	168	7
1618	5.10E+00	7.33E+05	0	2	157	169	7
1603	4.21E+00	7.33E+05	0	2	157	174	7
1602	4.17E+00	7.33E+05	0	2	157	175	7
1607	4.35E+00	7.33E+05	0	2	157	176	7
1622	4.94E+00	7.33E+05	0	2	157	177	7
1611	4.37E+00	7.33E+05	0	2	157	178	7
1613	4.42E+00	7.33E+05	0	2	157	179	7
1604	4.17E+00	7.33E+05	0	2	157	180	7
1610	4.44E+00	7.33E+05	0	2	157	181	7
1605	4.17E+00	7.33E+05	0	2	157	182	7
1617	4.66E+00	7.33E+05	0	2	157	183	7
1606	4.47E+00	7.33E+05	0	2	157	188	7
1609	4.28E+00	7.33E+05	0	2	157	190	7
1608	4.25E+00	7.33E+05	0	2	157	191	7
1071	6.43E-01	7.33E+05	1	2	158	2	1
1072	6.43E-01	7.33E+05	1	2	158	3	1
1904	1.37E+00	7.33E+05	2	2	159	1	0
1075	1.49E+00	7.33E+05	1	2	160	12	3
1074	1.49E+00	7.33E+05	1	2	160	13	3
1073	1.49E+00	7.33E+05	1	2	160	14	3
1076	1.49E+00	7.33E+05	1	2	160	15	3
1625	1.83E+00	7.33E+05	0	2	160	18	4
1624	1.73E+00	7.33E+05	0	2	160	20	4
1077	1.67E+00	7.33E+05	1	2	160	22	4
1623	1.76E+00	7.33E+05	0	2	160	23	4
1628	2.46E+00	7.33E+05	0	2	160	32	5
1627	2.01E+00	7.33E+05	0	2	160	33	5
1626	2.05E+00	7.33E+05	0	2	160	34	5
1078	1.94E+00	7.33E+05	1	2	161	15	3
1080	2.17E+00	7.33E+05	1	2	161	19	4
1079	2.15E+00	7.33E+05	1	2	161	29	4
1092	2.50E+00	7.33E+05	1	2	161	33	5
1089	2.76E+00	7.33E+05	1	2	161	34	5
1091	2.43E+00	7.33E+05	1	2	161	35	5
1632	4.21E+00	7.33E+05	0	2	161	36	5
1629	2.37E+00	7.33E+05	0	2	161	40	5
1084	2.66E+00	7.33E+05	1	2	161	42	5
1631	4.01E+00	7.33E+05	0	2	161	43	5
1081	2.50E+00	7.33E+05	1	2	161	44	5
1082	2.77E+00	7.33E+05	1	2	161	49	5
1088	2.75E+00	7.33E+05	1	2	161	50	5
1090	2.71E+00	7.33E+05	1	2	161	51	5
1086	2.92E+00	7.33E+05	1	2	161	53	5
1087	2.92E+00	7.33E+05	1	2	161	54	5
1083	2.92E+00	7.33E+05	1	2	161	55	5
1630	2.54E+00	7.33E+05	0	2	161	56	5
1085	2.93E+00	7.33E+05	1	2	161	57	5
1633	4.09E+00	7.33E+05	0	2	161	64	6
1634	4.10E+00	7.33E+05	0	2	161	65	6
1639	3.91E+00	7.33E+05	0	2	161	74	6
1638	3.83E+00	7.33E+05	0	2	161	75	6
1643	3.95E+00	7.33E+05	0	2	161	82	6
1644	4.19E+00	7.33E+05	0	2	161	83	6
1093	2.72E+00	7.33E+05	1	2	161	90	6
1642	3.78E+00	7.33E+05	0	2	161	91	6
1636	3.74E+00	7.33E+05	0	2	161	92	6
1635	3.74E+00	7.33E+05	0	2	161	93	6
1094	3.53E+00	7.33E+05	1	2	161	94	6
1637	3.97E+00	7.33E+05	0	2	161	95	6
1640	3.73E+00	7.33E+05	0	2	161	96	6
1641	3.74E+00	7.33E+05	0	2	161	97	6
1906	3.25E+00	7.33E+05	2	2	161	104	6
1905	3.19E+00	7.33E+05	2	2	161	105	6
1095	1.61E+00	7.33E+05	1	2	162	4	2
1646	2.63E+00	7.33E+05	0	2	162	10	3
1645	2.54E+00	7.33E+05	0	2	162	11	3
1647	2.65E+00	7.33E+05	0	2	162	12	3
1649	2.66E+00	7.33E+05	0	2	162	13	3
1648	2.59E+00	7.33E+05	0	2	162	14	3
1650	2.61E+00	7.33E+05	0	2	162	15	3
1096	1.32E+00	7.33E+05	1	2	163	8	3
1097	1.41E+00	7.33E+05	1	2	163	9	3
1098	1.32E+00	7.33E+05	1	2	163	13	3
1104	1.58E+00	7.33E+05	1	2	163	24	4
1101	1.43E+00	7.33E+05	1	2	163	25	4
1100	1.66E+00	7.33E+05	1	2	163	28	4
1102	1.75E+00	7.33E+05	1	2	163	29	4
1099	1.58E+00	7.33E+05	1	2	163	30	4
1103	1.58E+00	7.33E+05	1	2	163	31	4
1653	2.62E+00	7.33E+05	0	2	163	40	5
1654	2.69E+00	7.33E+05	0	2	163	41	5
1652	2.45E+00	7.33E+05	0	2	163	42	5
1651	2.07E+00	7.33E+05	0	2	163	43	5
1656	2.88E+00	7.33E+05	0	2	163	44	5
1655	2.74E+00	7.33E+05	0	2	163	45	5
1657	2.92E+00	7.33E+05	0	2	163	46	5
1105	2.40E+00	7.33E+05	1	2	163	47	5
1106	1.13E+00	7.33E+05	1	2	164	2	1
1107	1.13E+00	7.33E+05	1	2	164	3	1
1907	7.76E-01	7.33E+05	2	2	165	2	1
1908	9.69E-01	7.33E+05	2	2	165	3	1
1109	1.22E+00	7.33E+05	1	2	166	2	1
1108	9.27E-01	7.33E+05	1	2	166	3	1
1910	4.29E+00	7.33E+05	2	2	167	4	2
1909	4.18E+00	7.33E+05	2	2	167	5	2
1911	4.22E+00	7.33E+05	2	2	167	6	2
1110	4.62E+00	7.33E+05	1	2	167	7	2
1112	3.06E-01	7.33E+05	1	2	168	2	1
1111	3.03E-01	7.33E+05	1	2	168	3	1
1113	9.02E-01	7.33E+05	1	2	169	2	1
1114	9.02E-01	7.33E+05	1	2	169	3	1
1115	3.31E-01	7.33E+05	1	2	170	2	1
1116	4.89E-01	7.33E+05	1	2	170	3	1
1912	2.40E+00	7.33E+05	2	2	171	2	1
1913	2.41E+00	7.33E+05	2	2	171	3	1
1658	5.13E-01	7.33E+05	0	2	172	2	1
1659	5.13E-01	7.33E+05	0	2	172	3	1
1914	1.20E+00	7.33E+05	2	2	173	1	0
1660	5.62E-01	7.33E+05	0	2	174	2	1
1661	1.28E+00	7.33E+05	0	2	174	7	2
1662	1.46E+00	7.33E+05	0	2	175	3	1
1663	1.97E+00	7.33E+05	0	2	175	5	2
1665	3.31E+00	7.33E+05	0	2	175	8	3
1664	3.21E+00	7.33E+05	0	2	175	9	3
1666	6.77E-01	7.33E+05	0	2	176	2	1
1667	1.43E+00	7.33E+05	0	2	176	6	2
1117	1.80E+00	7.33E+05	1	2	176	7	2
1118	3.43E+00	7.33E+05	1	2	177	1	0
1119	3.13E-01	7.33E+05	1	2	178	2	1
1120	3.13E-01	7.33E+05	1	2	178	3	1
1121	1.09E-01	7.33E+05	1	2	179	1	0
1122	5.20E-01	7.33E+05	1	2	180	2	1
1123	2.49E-01	7.33E+05	1	2	180	3	1
1124	3.80E-01	7.33E+05	1	2	181	2	1
1125	3.68E-01	7.33E+05	1	2	181	3	1
1126	1.27E+00	7.33E+05	1	2	181	7	2
1127	4.64E-01	7.33E+05	1	2	182	2	1
1128	4.56E-01	7.33E+05	1	2	182	3	1
1129	1.46E+00	7.33E+05	1	2	182	6	2
1915	2.16E+00	7.33E+05	2	2	183	1	0
1916	2.96E-01	7.33E+05	2	2	184	1	0
1130	2.88E-01	7.33E+05	1	2	185	1	0
1131	2.54E-01	7.33E+05	1	2	186	1	0
1917	7.71E-01	7.33E+05	2	2	187	2	1
1918	1.07E+00	7.33E+05	2	2	187	3	1
1132	9.50E-01	7.33E+05	1	2	188	2	1
1133	5.67E-01	7.33E+05	1	2	188	3	1
1135	9.62E-01	7.33E+05	1	2	188	4	2
1134	2.66E+00	7.33E+05	1	2	188	5	2
1137	1.69E+00	7.33E+05	1	2	188	8	3
1136	1.69E+00	7.33E+05	1	2	188	9	3
1138	2.25E+00	7.33E+05	1	2	189	31	4
1156	2.55E+00	7.33E+05	1	2	189	32	5
1149	2.63E+00	7.33E+05	1	2	189	33	5
1154	2.55E+00	7.33E+05	1	2	189	34	5
1150	2.55E+00	7.33E+05	1	2	189	35	5
1151	2.56E+00	7.33E+05	1	2	189	36	5
1144	2.54E+00	7.33E+05	1	2	189	40	5
1141	2.55E+00	7.33E+05	1	2	189	41	5
1155	2.55E+00	7.33E+05	1	2	189	42	5
1148	2.55E+00	7.33E+05	1	2	189	43	5
1142	2.55E+00	7.33E+05	1	2	189	44	5
1157	2.55E+00	7.33E+05	1	2	189	45	5
1153	2.85E+00	7.33E+05	1	2	189	48	5
1146	2.85E+00	7.33E+05	1	2	189	49	5
1152	2.85E+00	7.33E+05	1	2	189	50	5
1147	2.85E+00	7.33E+05	1	2	189	51	5
1140	2.70E+00	7.33E+05	1	2	189	58	5
1139	2.70E+00	7.33E+05	1	2	189	59	5
1145	2.70E+00	7.33E+05	1	2	189	60	5
1143	2.70E+00	7.33E+05	1	2	189	61	5
1669	2.81E+00	7.33E+05	0	2	189	92	6
1670	2.84E+00	7.33E+05	0	2	189	93	6
1668	2.80E+00	7.33E+05	0	2	189	94	6
1158	2.85E+00	7.33E+05	1	2	189	106	6
1159	2.84E+00	7.33E+05	1	2	189	107	6
1160	2.99E+00	7.33E+05	1	2	189	108	6
1161	2.85E+00	7.33E+05	1	2	189	109	6
1163	1.39E+00	7.33E+05	1	2	190	8	3
1162	1.40E+00	7.33E+05	1	2	190	10	3
1166	1.46E+00	7.33E+05	1	2	190	13	3
1164	1.50E+00	7.33E+05	1	2	190	14	3
1165	1.50E+00	7.33E+05	1	2	190	15	3
1167	1.91E+00	7.33E+05	1	2	190	18	4
1671	3.01E+00	7.33E+05	0	2	190	19	4
1920	2.84E+00	7.33E+05	2	2	191	4	2
1919	2.72E+00	7.33E+05	2	2	191	5	2
1169	3.99E+00	7.33E+05	1	2	191	6	2
1168	3.71E+00	7.33E+05	1	2	191	7	2
1921	1.10E+00	7.33E+05	2	2	192	1	0
1922	9.89E-01	7.33E+05	2	2	193	2	1
1171	2.42E+00	7.33E+05	1	2	193	12	3
1172	2.55E+00	7.33E+05	1	2	193	13	3
1170	2.56E+00	7.33E+05	1	2	193	14	3
1173	2.53E+00	7.33E+05	1	2	193	15	3
1174	5.55E-01	7.33E+05	1	2	194	2	1
1175	1.09E+00	7.33E+05	1	2	194	6	2
1176	1.06E+00	7.33E+05	1	2	194	7	2
1178	9.76E-01	7.33E+05	1	2	195	2	1
1177	1.02E+00	7.33E+05	1	2	195	3	1
1180	1.23E+00	7.33E+05	1	2	196	5	2
1179	1.54E+00	7.33E+05	1	2	196	7	2
1181	1.86E+00	7.33E+05	1	2	196	9	3
1924	3.82E+00	7.33E+05	2	2	196	16	4
1923	3.16E+00	7.33E+05	2	2	196	17	4
1184	1.97E+00	7.33E+05	1	2	197	4	2
1183	1.84E+00	7.33E+05	1	2	197	5	2
1185	1.61E+00	7.33E+05	1	2	197	6	2
1182	1.65E+00	7.33E+05	1	2	197	7	2
1187	2.06E+00	7.33E+05	1	2	197	12	3
1186	1.99E+00	7.33E+05	1	2	197	14	3
1188	5.37E-01	7.33E+05	1	2	198	1	0
1189	1.25E+00	7.33E+05	1	2	199	4	2
1191	1.27E+00	7.33E+05	1	2	199	6	2
1190	1.29E+00	7.33E+05	1	2	199	7	2
1193	9.53E-01	7.33E+05	1	2	200	2	1
1192	1.02E+00	7.33E+05	1	2	200	3	1
1195	1.45E+00	7.33E+05	1	2	201	4	2
1196	1.31E+00	7.33E+05	1	2	201	5	2
1197	1.62E+00	7.33E+05	1	2	201	6	2
1194	1.44E+00	7.33E+05	1	2	201	7	2
1198	1.63E+00	7.33E+05	1	2	201	14	3
1200	1.26E+00	7.33E+05	1	2	202	4	2
1199	1.19E+00	7.33E+05	1	2	202	5	2
1201	1.05E+00	7.33E+05	1	2	202	6	2
1202	1.13E+00	7.33E+05	1	2	202	7	2
1203	2.41E+00	7.33E+05	1	2	203	7	2
1208	3.01E+00	7.33E+05	1	2	203	8	3
1204	3.14E+00	7.33E+05	1	2	203	9	3
1207	3.01E+00	7.33E+05	1	2	203	10	3
1205	2.85E+00	7.33E+05	1	2	203	11	3
1206	2.85E+00	7.33E+05	1	2	203	12	3
1209	2.85E+00	7.33E+05	1	2	203	13	3
1925	1.03E+00	7.33E+05	2	2	204	1	0
1926	1.39E+00	7.33E+05	2	2	205	2	1
1211	3.16E+00	7.33E+05	1	2	205	12	3
1210	3.15E+00	7.33E+05	1	2	205	13	3
1212	3.15E+00	7.33E+05	1	2	205	14	3
1214	3.74E+00	7.33E+05	1	2	205	30	4
1213	3.74E+00	7.33E+05	1	2	205	31	4
1927	2.12E+00	7.33E+05	2	2	206	1	0
1928	1.84E+00	7.33E+05	2	2	207	1	0
1929	1.07E+00	7.33E+05	2	2	208	1	0
1215	4.73E-01	7.33E+05	1	2	209	2	1
1672	2.71E-01	7.33E+05	0	2	209	3	1
1216	3.15E-01	7.33E+05	1	2	210	1	0
1673	3.03E-01	7.33E+05	0	2	211	2	1
1217	1.21E+00	7.33E+05	1	2	211	3	1
1674	2.46E-01	7.33E+05	0	2	212	2	1
1675	6.60E-01	7.33E+05	0	2	212	6	2
1218	1.36E+00	7.33E+05	1	2	212	14	3
1676	1.17E+00	7.33E+05	0	2	212	15	3
1677	1.97E-01	7.33E+05	0	2	213	1	0
1678	3.89E-01	7.33E+05	0	2	214	2	1
1679	1.04E+00	7.33E+05	0	2	214	7	2
1680	1.52E+00	7.33E+05	0	2	214	12	3
1219	1.66E+00	7.33E+05	1	2	214	13	3
1681	3.45E-01	7.33E+05	0	2	215	2	1
1682	3.47E-01	7.33E+05	0	2	215	3	1
1683	3.97E-01	7.33E+05	0	2	216	2	1
1684	3.97E-01	7.33E+05	0	2	216	3	1
1685	1.31E+00	7.33E+05	0	2	217	2	1
1220	1.36E+00	7.33E+05	1	2	217	3	1
1221	2.66E+00	7.33E+05	1	2	217	6	2
1686	1.55E-01	7.33E+05	0	2	218	2	1
1687	1.55E-01	7.33E+05	0	2	218	3	1
1688	1.15E-01	7.33E+05	0	2	219	2	1
1689	6.44E-01	7.33E+05	0	2	219	3	1
1690	4.14E-01	7.33E+05	0	2	220	3	1
1691	1.14E+00	7.33E+05	0	2	220	4	2
1692	1.75E+00	7.33E+05	0	2	220	10	3
1222	2.26E+00	7.33E+05	1	2	220	11	3
1693	1.20E-01	7.33E+05	0	2	221	1	0
1694	9.07E-02	7.33E+05	0	2	222	1	0
1695	7.09E-02	7.33E+05	0	2	223	1	0
1930	1.38E+00	7.33E+05	2	2	224	1	0
1696	1.01E-01	7.33E+05	0	2	225	1	0
1697	9.07E-02	7.33E+05	0	2	226	1	0
1698	9.57E-01	7.33E+05	0	2	227	2	1
1223	1.81E+00	7.33E+05	1	2	227	6	2
1224	1.55E+00	7.33E+05	1	2	227	7	2
1225	1.16E-01	7.33E+05	1	2	228	1	0
1226	1.48E-01	7.33E+05	1	2	229	1	0
1227	5.68E-02	7.33E+05	1	2	230	1	0
1228	5.68E-02	7.33E+05	1	2	231	2	1
1229	5.68E-02	7.33E+05	1	2	231	3	1
1230	1.73E-02	7.33E+05	1	2	232	1	0
1231	9.87E-03	7.33E+05	1	2	233	1	0
1232	2.72E-02	7.33E+05	1	2	234	1	0
1233	7.00E-01	7.33E+05	1	2	235	2	1
1234	7.00E-01	7.33E+05	1	2	235	3	1
1235	3.62E-01	7.33E+05	1	2	236	1	0
1238	1.37E+00	7.33E+05	1	2	237	4	2
1239	1.39E+00	7.33E+05	1	2	237	5	2
1236	1.81E+00	7.33E+05	1	2	237	6	2
1237	1.52E+00	7.33E+05	1	2	237	7	2
1699	2.62E-01	7.33E+05	0	2	238	3	1
1240	1.05E+00	7.33E+05	1	2	238	4	2
1700	8.80E-01	7.33E+05	0	2	238	5	2
1931	7.89E-01	7.33E+05	2	2	239	1	0
1932	9.67E-01	7.33E+05	2	2	240	1	0
1934	7.59E-01	7.33E+05	2	2	241	2	1
1933	5.15E-01	7.33E+05	2	2	241	3	1
1241	1.70E-01	7.33E+05	1	2	242	1	0
1936	1.19E+00	7.33E+05	2	2	243	2	1
1935	1.10E+00	7.33E+05	2	2	243	3	1
1244	9.17E-01	7.33E+05	1	2	244	4	2
1245	9.17E-01	7.33E+05	1	2	244	5	2
1243	9.17E-01	7.33E+05	1	2	244	6	2
1242	9.17E-01	7.33E+05	1	2	244	7	2
1246	2.97E-02	7.33E+05	1	2	245	1	0
1247	4.94E-02	7.33E+05	1	2	246	1	0
1939	2.02E+00	7.33E+05	2	2	247	4	2
1940	2.13E+00	7.33E+05	2	2	247	5	2
1938	1.91E+00	7.33E+05	2	2	247	6	2
1937	1.86E+00	7.33E+05	2	2	247	7	2
1944	1.77E+00	7.33E+05	2	2	248	4	2
1942	1.50E+00	7.33E+05	2	2	248	5	2
1943	1.72E+00	7.33E+05	2	2	248	6	2
1941	1.37E+00	7.33E+05	2	2	248	7	2
1249	1.72E-01	7.33E+05	1	2	249	2	1
1248	1.75E-01	7.33E+05	1	2	249	3	1
1250	1.72E-01	7.33E+05	1	2	250	1	0
1251	3.30E-01	7.33E+05	1	2	251	1	0
1701	3.79E-01	7.33E+05	0	2	252	2	1
1252	1.51E+00	7.33E+05	1	2	252	3	1
1254	9.20E-01	7.33E+05	1	2	253	2	1
1253	9.20E-01	7.33E+05	1	2	253	3	1
1255	2.39E-02	7.33E+05	1	2	254	1	0
1945	7.85E-01	7.33E+05	2	2	255	3	1
1946	3.94E-01	7.33E+05	2	2	256	1	0
1256	1.77E-01	7.33E+05	1	2	257	1	0
1947	9.94E-01	7.33E+05	2	2	258	1	0
1257	4.78E-01	7.33E+05	1	2	259	2	1
1258	4.78E-01	7.33E+05	1	2	259	3	1
1259	4.78E-01	7.33E+05	1	2	260	2	1
1260	4.73E-01	7.33E+05	1	2	260	3	1
1261	1.23E-01	7.33E+05	1	2	261	2	1
1262	1.23E-01	7.33E+05	1	2	261	3	1
1264	2.42E+00	7.33E+05	1	2	262	8	3
1266	2.42E+00	7.33E+05	1	2	262	9	3
1265	2.44E+00	7.33E+05	1	2	262	10	3
1263	2.43E+00	7.33E+05	1	2	262	11	3
1269	2.57E+00	7.33E+05	1	2	262	12	3
1270	2.87E+00	7.33E+05	1	2	262	13	3
1267	2.87E+00	7.33E+05	1	2	262	14	3
1268	2.87E+00	7.33E+05	1	2	262	15	3
1272	1.84E-01	7.33E+05	1	2	263	2	1
1271	1.82E-01	7.33E+05	1	2	263	3	1
1273	1.23E+00	7.33E+05	1	2	264	4	2
1276	1.53E+00	7.33E+05	1	2	264	10	3
1274	1.53E+00	7.33E+05	1	2	264	11	3
1275	1.53E+00	7.33E+05	1	2	264	12	3
1278	1.52E+00	7.33E+05	1	2	264	13	3
1277	1.52E+00	7.33E+05	1	2	264	14	3
1279	1.52E+00	7.33E+05	1	2	264	15	3
1949	7.29E-01	7.33E+05	2	2	265	2	1
1948	7.26E-01	7.33E+05	2	2	265	3	1
1281	1.23E+00	7.33E+05	1	2	266	2	1
1280	1.23E+00	7.33E+05	1	2	266	3	1
1950	4.16E-01	7.33E+05	2	2	267	1	0
